item	roi	word	surprisal	retrieval
7	1	ओए	0.21271	101.0
7	2	तुम	0.86437	123.30855296529043
7	3	सुन	0.18801	197.78527964379387
7	4	रहे	0.02244	123.30855296529046
7	5	थे	0.02244	244.5705592875878
7	6	ना	0.58937	218.64204918486348
7	7	।	0.01702	302.63781810151
15	1	हाँ	0.18068	101.0
15	2	सुन	0.19946	123.30855296529043
15	3	रहा	0.01308	123.30855296529043
15	4	था	0.01380	244.57055928758774
15	5	।	0.04738	280.16209745749734
23	1	अब	0.26177	51.0
23	2	क्या	0.14897	51.0
23	3	अपना	0.56886	196.6171059305808
23	4	सब	0.86897	51.0
23	5	रिकॉर्ड	2.32875	322.1980044095982
23	6	हो	0.14240	413.39389642511696
23	7	के	0.00331	123.30855296529035
23	8	हर	0.55492	101.0
23	9	जगह	0.35569	286.67690642031516
23	10	जाएगा	0.24631	305.5563526185538
23	11	क्या	0.81792	145.61710593058092
23	12	[laughter]	1.19810	200.05665267703785
23	13	।	0.05950	314.2020585748123
31	1	ठीक	0.37229	101.0
31	2	है	0.00345	123.30855296529043
31	3	।	0.00192	197.78527964379387
39	1	सीएनएन	0.72029	51.0
39	2	न्यूज़	0.80843	51.0
39	3	में	0.04769	123.30855296529043
39	4	आ	0.25264	464.0399441261915
39	5	जाएँगे	0.00447	123.30855296529046
39	6	हम	0.74037	101.0
39	7	लोग	0.87864	286.6769064203153
39	8	।	0.02477	228.2781763092769
47	1	[laughter]	0.86480	101.0
47	2	यश	0.93018	145.61710593058083
47	3	के	0.44550	123.30855296529043
47	4	बारे	0.91994	244.57055928758768
47	5	में	0.51820	353.92614755459056
47	6	बात	0.67460	150.9999999999999
47	7	करो	0.18029	332.19267995167274
47	8	।	0.02811	270.01783427125747
55	1	हाँ	0.18068	101.0
55	2	।	0.00491	123.30855296529043
63	1	[laughter]	0.86480	101.0
63	2	पब्लिक	0.53741	51.0
63	3	इन्फ़र्मेशन	1.31722	271.1980044095982
63	4	बनेगा	0.33833	215.2625742078709
63	5	।	0.02335	229.93204528992976
71	1	सो_आइ_गेस_दैट_दैट्स_बैड_न्यूज़	0.64106	51.0
71	2	।	0.90013	224.30855296529046
79	1	हाँ	0.18068	101.0
79	2	सीएनएन	0.62344	123.30855296529043
79	3	में	0.09648	123.30855296529043
79	4	[anonymized]	0.28653	263.29007342499136
79	5	।	0.01713	228.21006664275706
87	1	[anonymized]_टॉकिंग_अबाउट_क्यूट_चिक्स	0.35864	51.0
87	2	।	0.86197	224.30855296529046
95	1	[laughter]	0.86480	101.0
95	2	।	0.00914	123.30855296529043
103	1	नो	0.63026	101.0
103	2	।	0.00975	123.30855296529043
111	1	तो	0.36147	51.0
111	2	एनीवे	0.25340	51.0
111	3	।	0.53863	123.30855296529043
119	1	हाँ	0.40725	101.0
119	2	तो_ये_इस_वक्त	0.64407	51.0
119	3	आइ_मीन	0.85908	271.1980044095982
119	4	अ	0.86765	101.0
119	5	ये	0.95485	174.30855296529046
119	6	यश	0.66865	422.67697605475746
119	7	कहीं	1.46836	255.59831012702784
119	8	इंडी	1.21718	101.0
119	9	यूएसए	0.67084	643.2811527633755
119	10	आ	0.27014	294.8676323862501
119	11	रहा	0.01139	123.30855296529035
119	12	है	0.00962	244.57055928758746
119	13	कि	0.11173	101.0
119	14	नहीं	0.11067	51.0
119	15	आ	0.18942	634.9973685783543
119	16	रहा	0.00623	167.9256588958715
119	17	है	0.00730	355.90965628405274
119	18	।	0.16903	453.31765627081995
127	1	हाँ	0.18068	101.0
127	2	।	0.00491	123.30855296529043
135	1	हाँ	0.18068	101.0
135	2	आ	0.22071	123.30855296529043
135	3	रहा	0.01237	123.30855296529043
135	4	है	0.01001	244.57055928758774
135	5	।	0.06209	280.16209745749734
142	1	हील	0.35864	51.0
142	2	आ	1.16439	224.30855296529046
142	3	नवम्बर	0.85041	123.30855296529046
142	4	26	0.34881	197.78527964379384
142	5	को	0.23759	123.30855296529046
142	6	आएगा	0.09657	353.44795175125455
142	7	।	0.10847	244.65479243794243
150	1	[incomprehensible]	0.89742	51.0
150	2	ह्म	0.14508	224.30855296529046
150	3	।	0.05384	123.30855296529046
158	1	नहीं	0.76841	51.0
158	2	नहीं	0.19474	51.0
158	3	वो	0.70230	372.1980044095982
158	4	नहीं	0.16957	167.92565889587127
158	5	।	0.00948	202.2274140710132
166	1	अम	0.13808	51.0
166	2	कॉन्फ़्रेन्स	0.89167	174.30855296529043
166	3	के	0.02285	123.30855296529043
166	4	लिए	0.04797	244.57055928758774
166	5	नहीं	0.45247	101.0
166	6	।	1.19706	303.53226115463497
174	1	जॉब	0.45489	51.0
174	2	वॉब	0.52604	224.30855296529046
174	3	।	0.00785	123.30855296529046
182	1	नहीं	0.76841	51.0
182	2	।	1.15702	224.30855296529046
189	1	जॉब	0.45489	51.0
189	2	के	0.01854	123.30855296529043
189	3	लिए	0.03889	244.5705592875877
189	4	तो	0.12016	218.64204918486348
189	5	पता	0.61219	101.0
189	6	नहीं	0.43632	51.0
189	7	।	1.08418	123.30855296529046
197	1	जॉब	0.45489	51.0
197	2	तो	0.11927	123.30855296529043
197	3	आ	1.34243	298.78527964379384
197	4	मिला	0.05806	123.30855296529046
197	5	नहीं	0.97309	197.78527964379384
197	6	ना	0.15647	215.17868526501138
197	7	उस	0.37669	229.858571896822
197	8	को	0.00606	123.30855296529035
197	9	।	0.04326	301.76153118430943
205	1	आ_के	0.14952	51.0
205	2	यहाँ	0.70101	196.61710593058083
205	3	आने	0.24764	224.30855296529043
205	4	के	0.00099	123.30855296529046
205	5	बाद	0.18802	197.78527964379384
205	6	ट्राए	0.58517	215.17868526501138
205	7	करेगा	0.19701	308.717143793644
205	8	फ़िर	0.65279	123.30855296529035
205	9	से	0.11100	145.61710593058092
205	10	।	0.08273	364.2752959683578
213	1	यहाँ	0.36253	51.0
213	2	पर	0.04915	123.30855296529043
213	3	घूमने	0.21610	298.78527964379384
213	4	के	0.00147	145.6171059305808
213	5	लिए	0.00444	298.1699580311132
213	6	आ	0.12876	296.82423333150336
213	7	रहा	0.00655	123.30855296529035
213	8	है	0.00746	244.57055928758768
213	9	।	0.09773	311.86226447819354
220	1	वो	0.25433	51.0
220	2	इस	0.25735	51.0
220	3	के	0.01787	123.30855296529043
220	4	साथ	0.15354	197.78527964379387
220	5	आएगा	0.27448	496.09910484705836
220	6	अम_अह	0.93295	123.30855296529046
220	7	।	0.00508	197.78527964379396
228	1	अपने	0.27890	51.0
228	2	बीवी	0.92678	51.0
228	3	के	0.01827	123.30855296529043
228	4	साथ	0.14588	197.78527964379387
228	5	आएगा	0.20419	496.09910484705836
228	6	।	0.00360	123.30855296529046
236	1	नीलिमा	0.72029	51.0
236	2	।	0.37406	123.30855296529043
244	1	इस	0.07449	51.0
244	2	बार	0.92823	174.30855296529043
244	3	।	0.30188	123.30855296529043
252	1	ह्म	0.08689	101.0
252	2	।	0.00378	123.30855296529043
260	1	हाँ	0.90504	101.0
260	2	इस	0.27647	51.0
260	3	बार	0.89567	174.30855296529046
260	4	बीवी	0.81374	51.0
260	5	के	0.01636	123.30855296529046
260	6	साथ	0.12989	197.78527964379384
260	7	यहाँ	0.75725	101.0
260	8	पर	0.04495	145.6171059305808
260	9	थोड़ा	0.53532	101.0
260	10	घूमेगा	0.29044	930.0997330239484
260	11	।	0.01972	289.8650274734264
268	1	ह्म	0.08689	101.0
268	2	।	0.00378	123.30855296529043
276	1	ग्रैंड	0.16879	51.0
276	2	कैनियन	1.23981	224.30855296529046
276	3	सब	0.51135	123.30855296529046
276	4	घूमेगा	0.17471	197.78527964379384
276	5	।	0.02220	215.17868526501138
284	1	बोल	0.29461	101.0
284	2	रहा	0.00291	123.30855296529043
284	3	है	0.00594	244.57055928758777
284	4	कि	0.13695	101.00000000000006
284	5	यूएस	0.29175	51.0
284	6	पूरा	0.59553	51.0
284	7	घूम	0.26350	903.4159759080007
284	8	के	0.00790	167.92565889587127
284	9	जाएगा	0.40260	355.9096562840525
284	10	वापस	1.77893	490.6327664835344
284	11	।	0.01206	309.9704259746245
292	1	[incomprehensible]	0.89742	51.0
292	2	।	0.95973	224.30855296529046
300	1	इस	0.28271	51.0
300	2	का	0.02286	123.30855296529043
300	3	मतलब	0.38682	101.00000000000003
300	4	लंबी	0.22520	51.0
300	5	छुट्टी	1.01172	196.6171059305808
300	6	पर	0.04649	145.6171059305808
300	7	आ	0.25851	683.5182161014853
300	8	रहा	0.00372	123.30855296529035
300	9	है	0.00631	244.57055928758768
300	10	।	0.00362	218.64204918486348
308	1	हाँ	0.90504	101.0
308	2	15	0.77782	51.0
308	3	20	1.60007	174.30855296529046
308	4	दिन	0.87646	174.30855296529046
308	5	की	0.02808	123.30855296529046
308	6	छुट्टी	0.88304	101.0
308	7	पर	0.04674	145.6171059305808
308	8	।	0.35790	200.05665267703762
316	1	पर_यूएस_सब	0.64106	51.0
316	2	आइ_मीन	1.71498	196.61710593058083
316	3	तब	0.97249	174.30855296529043
316	4	तो	0.10968	123.30855296529046
316	5	इतना	0.05446	101.0
316	6	ठंड	0.85736	174.30855296529046
316	7	होगा	0.17994	400.07994210601623
316	8	।	0.00336	123.30855296529035
324	1	आयोवा	0.72029	51.0
324	2	जा	0.19300	224.30855296529046
324	3	कर	0.00558	123.30855296529046
324	4	क्या	0.41551	197.78527964379384
324	5	करेगा	0.14702	279.35737053002276
324	6	।	0.06247	233.7341948981906
332	1	अबे	0.22310	101.0
332	2	लेकिन	0.61001	51.0
332	3	नवम्बर	0.45130	51.0
332	4	में	0.05055	123.30855296529046
332	5	कैलिफ़ोर्निया_देर_शुड_नॉट_बी_दैट_कोल्ड	0.23799	101.0
332	6	।	0.96767	286.6769064203154
340	1	नो	0.76012	51.0
340	2	कैलिफ़ोर्निया	1.10241	224.30855296529046
340	3	तो	0.00871	123.30855296529046
340	4	ठीक	0.26944	197.78527964379384
340	5	है	0.84108	215.17868526501138
340	6	।	0.01029	229.8585718968219
348	1	बट_ही_वॉन्ट्स_टू_गो	0.64106	51.0
348	2	ये	0.45729	51.0
348	3	आयोवा	1.67677	445.92912833426476
348	4	।	0.01166	123.30855296529046
356	1	शिकागो	0.72029	51.0
356	2	।	0.37406	123.30855296529043
364	1	सब	0.38762	51.0
364	2	हाँ	0.37322	224.30855296529046
364	3	।	0.03011	123.30855296529046
372	1	सब_जगह_जाना	0.64106	51.0
372	2	सब_से	0.73321	51.0
372	3	ह्म	0.20725	372.1980044095982
372	4	।	0.02573	123.30855296529046
380	1	हैं	0.04806	101.0
380	2	।	0.00374	123.30855296529043
388	1	अच्छा	0.23211	101.0
388	2	ये	0.60498	123.30855296529043
388	3	नहीं	0.74371	123.30855296529043
388	4	बताया	0.11549	263.29007342499136
388	5	।	0.04857	228.21006664275706
396	1	कार	0.47101	51.0
396	2	से	0.02859	123.30855296529043
396	3	कार	0.75561	101.00000000000003
396	4	से	0.02887	145.6171059305808
396	5	।	0.35753	200.05665267703773
404	1	कार	0.47101	51.0
404	2	से	0.02859	123.30855296529043
404	3	।	0.33810	197.78527964379387
412	1	पागल	0.65209	101.0
412	2	हो	0.05518	123.30855296529043
412	3	गया	0.01437	123.30855296529043
412	4	होगा	0.01647	244.57055928758774
412	5	वो	0.46864	101.0
412	6	।	0.88446	123.30855296529046
420	1	रेंटल	0.15458	51.0
420	2	मैं	0.67108	174.30855296529043
420	3	ने	0.03317	123.30855296529043
420	4	रेंटल	0.20711	101.0
420	5	बुक	1.41210	387.67690642031533
420	6	कर	0.12257	123.30855296529046
420	7	दिया	0.01073	123.30855296529035
420	8	ऑलरेडी	1.15895	197.78527964379396
420	9	[pause]	0.38150	101.0
420	10	तो	1.70848	300.5965124588324
420	11	।	0.18507	299.6355911961632
428	1	लेकिन	0.07597	51.0
428	2	इतना	0.25258	51.0
428	3	चलाने	0.25652	372.1980044095982
428	4	में	0.00161	123.30855296529046
428	5	तो	0.00877	197.78527964379384
428	6	काफ़ी	0.73755	215.17868526501138
428	7	लगेगी	0.19310	308.7171437936439
428	8	भाई	0.79489	145.61710593058092
428	9	।	0.07295	306.5466807662667
436	1	हाँ	0.18068	101.0
436	2	वो	0.97487	51.0
436	3	सोच	0.14858	271.1980044095982
436	4	रहा	0.01389	123.30855296529046
436	5	है	0.01064	244.57055928758768
436	6	मैं	0.60418	101.0
436	7	आ	0.22818	407.78892381197034
436	8	सकता	0.00786	167.92565889587127
436	9	हूँ	0.00727	355.9096562840525
436	10	।	0.12032	388.01090605864215
444	1	मेरे	0.14424	51.0
444	2	पास	0.19515	123.30855296529043
444	3	उतना	0.09353	101.00000000000003
444	4	छुट्टी	1.97257	337.6769064203154
444	5	नहीं	0.37411	51.0
444	6	है	1.29253	271.1980044095982
444	7	कि	0.05520	101.0
444	8	उस	0.11783	51.0
444	9	के	0.01974	123.30855296529035
444	10	साथ	0.17358	244.57055928758768
444	11	घूम	0.35007	999.1649372779598
444	12	सकूँ	0.00414	123.30855296529035
444	13	।	0.00394	197.78527964379373
452	1	इंडिया	0.62166	51.0
452	2	जा	0.19442	224.30855296529046
452	3	रहे	0.00399	123.30855296529046
452	4	हो	0.00537	244.57055928758768
452	5	।	0.00593	218.64204918486348
460	1	नहीं	0.76841	51.0
460	2	इंडिया	0.43861	51.0
460	3	भी	0.12242	123.30855296529043
460	4	नहीं	0.57474	101.00000000000003
460	5	जा	0.14268	566.0181942237117
460	6	रहा	0.00370	123.30855296529046
460	7	अभी	0.66169	197.78527964379361
460	8	।	0.01037	215.17868526501138
468	1	क्यों	0.70586	101.0
468	2	।	0.00494	123.30855296529043
476	1	जाऊँगा	0.27803	101.0
476	2	कभी	0.36996	123.30855296529043
476	3	।	0.00621	197.78527964379387
484	1	ह्म	0.08689	101.0
484	2	।	0.00378	123.30855296529043
491	1	शादी	0.45443	51.0
491	2	वादी	0.81016	51.0
491	3	नहीं	0.58826	51.0
491	4	हो	0.10624	537.5364587679538
491	5	रही	0.00361	123.30855296529046
491	6	क्या	0.37117	197.78527964379384
491	7	।	0.00934	215.1786852650115
499	1	जब	0.24000	51.0
499	2	होगी	0.19158	224.30855296529046
499	3	तब	0.37907	145.6171059305808
499	4	जाऊँगा	0.10494	249.11330535407546
499	5	।	0.05217	220.5519152879133
507	1	हाँ	0.18068	101.0
507	2	।	0.00491	123.30855296529043
515	1	अच्छा	0.23211	101.0
515	2	।	0.00211	123.30855296529043
523	1	लड़कियाँ	0.51365	51.0
523	2	वड़कियाँ	0.79265	51.0
523	3	ढ़ूँढ	0.20701	372.1980044095982
523	4	रखी	0.00357	123.30855296529046
523	5	है	0.00684	244.57055928758768
523	6	कि	0.14466	101.0
523	7	नहीं	0.11067	51.0
523	8	घर	0.47861	51.0
523	9	में	0.02238	123.30855296529035
523	10	।	0.32184	197.78527964379373
531	1	ढ़ूँढ_के_र	0.64106	51.0
531	2	ढ़ूँढ	0.28812	224.30855296529046
531	3	रहे	0.00377	123.30855296529046
531	4	हैं	0.00545	244.57055928758768
531	5	।	0.00587	218.64204918486348
539	1	[noise]	0.72736	51.0
539	2	अच्छा	0.50788	224.30855296529046
539	3	अच्छा	0.07080	145.6171059305808
539	4	।	0.02247	200.05665267703773
546	1	ऐड	0.49703	51.0
546	2	निकाल	0.17786	224.30855296529046
546	3	दो	0.03990	123.30855296529046
546	4	मिल	0.09122	244.57055928758768
546	5	ही	0.02291	123.30855296529046
546	6	जाएगी	0.00997	197.78527964379384
546	7	।	0.07112	291.5355119545238
554	1	ह्म	0.08689	101.0
554	2	।	0.00378	123.30855296529043
562	1	तो	0.36147	51.0
562	2	।	1.03579	224.30855296529046
569	1	तो	0.36147	51.0
569	2	और	0.03486	51.0
569	3	क्या	1.48762	174.30855296529046
569	4	हो	0.12334	387.7550883222742
569	5	रहा	0.00359	123.30855296529046
569	6	है	0.00625	244.5705592875878
569	7	।	0.00416	218.64204918486348
576	1	तो	0.36147	51.0
576	2	[incomprehensible]	0.22568	51.0
576	3	का	0.24867	123.30855296529043
576	4	पढ़ाई	0.67437	248.78527964379387
576	5	हो	0.16595	401.66044245787884
576	6	गया	0.00332	123.30855296529046
576	7	।	0.00323	197.78527964379361
584	1	और	0.07862	51.0
584	2	कुछ	0.22595	51.0
584	3	नहीं	0.48688	51.0
584	4	[incomprehensible]	1.35312	537.5364587679538
584	5	।	0.03008	123.30855296529046
592	1	[incomprehensible]	0.89742	51.0
592	2	अब	1.07829	174.30855296529043
592	3	म	0.04240	51.00000000000003
592	4	मग्गा	0.34146	196.6171059305808
592	5	मार	0.24978	389.47445168586114
592	6	रही	0.00392	123.30855296529046
592	7	है	0.00643	244.57055928758757
592	8	।	0.00586	218.64204918486348
600	1	[laughter]	0.86480	101.0
600	2	क्या	0.54082	123.30855296529043
600	3	प्रपोज़ल	1.00287	101.00000000000003
600	4	हो	0.11420	286.6769064203154
600	5	गया	0.02573	123.30855296529046
600	6	उस	1.42956	101.0
600	7	का	0.01845	123.30855296529046
600	8	।	0.45950	197.78527964379384
607	1	वो	0.25433	51.0
607	2	तो	0.11356	123.30855296529043
607	3	पहले	0.43283	101.00000000000003
607	4	हो	0.15012	387.6769064203154
607	5	चुका	0.00444	123.30855296529046
607	6	है	0.00685	244.57055928758768
607	7	।	0.00371	218.64204918486348
615	1	अब	0.26177	51.0
615	2	तो	0.12199	123.30855296529043
615	3	थीसिस	0.47124	101.00000000000003
615	4	वीसिस	1.33503	123.30855296529046
615	5	मतलब	0.71939	101.0
615	6	खतम	0.25312	51.0
615	7	करने	0.33455	749.299660263857
615	8	के	0.00126	145.61710593058092
615	9	मूड	0.45482	298.1699580311133
615	10	में	0.00736	167.92565889587127
615	11	है	0.11878	253.45482814202614
615	12	।	0.03459	300.57927823410364
623	1	अच्छा	0.23211	101.0
623	2	।	0.00211	123.30855296529043
631	1	हाँ	0.18068	101.0
631	2	।	0.00491	123.30855296529043
639	1	मतलब	0.32433	51.0
639	2	वो	0.03251	51.0
639	3	फ़ाइनल	1.21174	174.30855296529046
639	4	चैप्टर्ज़	0.83235	196.6171059305808
639	5	लिखे	0.22558	401.5857558503037
639	6	जा	0.00321	123.30855296529046
639	7	रहे	0.00470	244.57055928758757
639	8	हैं	0.00714	353.92614755459044
639	9	टाइप	0.38071	419.8166082670591
639	10	।	0.01983	261.117364573626
647	1	ह्म	0.08689	101.0
647	2	ह्म	0.01347	123.30855296529043
647	3	।	0.00414	197.78527964379387
655	1	तो	0.36147	51.0
655	2	वो	0.16090	51.0
655	3	एटीएंडटी	0.15530	51.0
655	4	में	0.04001	123.30855296529046
655	5	काम	0.81083	101.0
655	6	कर	0.37540	757.6804683661263
655	7	रही	0.00258	123.30855296529035
655	8	है	0.00583	244.57055928758768
655	9	कि	0.15423	101.0
655	10	केवल	0.29900	51.0
655	11	अह	0.19465	51.0
655	12	ये	0.50183	196.61710593058092
655	13	कम्प्यूटर	0.80972	51.0
655	14	के	0.01848	145.61710593058092
655	15	लिए	0.03824	298.1699580311133
655	16	जा	0.25197	1693.2700685415462
655	17	रही	0.00789	167.9256588958715
655	18	है	0.00802	355.9096562840523
655	19	।	0.07118	389.2187453657216
663	1	और	0.91841	101.0
663	2	।	0.01057	123.30855296529043
671	1	एटीएंडटी	0.72029	51.0
671	2	में	0.04389	123.30855296529043
671	3	उस	0.34014	101.00000000000003
671	4	को	0.02440	145.6171059305808
671	5	ऑनरेरि	0.41798	101.0
671	6	ऑफ़िस	1.86588	767.5867343546445
671	7	मिला	0.19582	123.30855296529035
671	8	हुआ	0.04440	123.30855296529035
671	9	है	0.02018	244.57055928758768
671	10	और	1.73649	151.0
671	11	कम्प्यूटर	0.47596	51.0
671	12	ऐक्सेस	1.95906	471.73896506242386
671	13	है	0.59252	145.6171059305807
671	14	।	0.01361	320.42416703416575
679	1	हाँ	0.18068	101.0
679	2	।	0.00491	123.30855296529043
687	1	अरे	0.10368	101.0
687	2	।	0.00309	123.30855296529043
695	1	काम	0.40402	51.0
695	2	थोड़ी	0.71454	224.30855296529046
695	3	है	0.00275	145.6171059305808
695	4	।	0.00758	200.05665267703773
702	1	मतलब	0.32433	51.0
702	2	काम	0.30463	51.0
702	3	तो	0.09205	123.30855296529043
702	4	अपना	0.60448	101.00000000000003
702	5	करती	0.25373	566.0181942237117
702	6	है	0.00113	123.30855296529046
702	7	।	0.00292	197.78527964379361
710	1	[laughter]	0.86480	101.0
710	2	।	0.00914	123.30855296529043
718	1	हाँ	0.18068	101.0
718	2	हाँ	0.04620	123.30855296529043
718	3	।	0.00749	197.78527964379387
726	1	बट	0.29885	51.0
726	2	थीसिस	1.51722	224.30855296529046
726	3	लिखती	0.13182	123.30855296529046
726	4	है	0.00793	123.30855296529046
726	5	फ़्रेममेकर	0.98486	263.2900734249914
726	6	4	0.96882	101.0
726	7	पे	0.81490	145.61710593058092
726	8	।	0.96439	400.2143160456742
734	1	हाँ	0.18068	101.0
734	2	हाँ	0.12402	123.30855296529043
734	3	[noise]	0.65448	197.78527964379387
734	4	।	0.00688	215.17868526501138
742	1	अपना	0.30325	51.0
742	2	केडैंस	0.32098	51.0
742	3	में	0.04001	123.30855296529043
742	4	अह	0.18873	101.00000000000003
742	5	इधर	1.06950	174.30855296529046
742	6	उधर	1.06970	51.0
742	7	जाने	0.30871	760.2887575873476
742	8	का	0.00148	145.61710593058092
742	9	मौका	0.47572	249.11330535407546
742	10	मिलता	0.24149	290.1038305758266
742	11	है	0.00258	123.30855296529035
742	12	कि	0.33152	101.0
742	13	वहीं	0.16674	51.0
742	14	कैलिफ़ोर्निया	0.45491	51.0
742	15	में	0.04548	167.92565889587104
742	16	ही	0.13886	202.2274140710133
742	17	।	0.41961	218.80587533602193
750	1	कैलिफ़ोर्निया	0.72029	51.0
750	2	में	0.04389	123.30855296529043
750	3	ही	0.14839	197.78527964379387
750	4	है	0.49475	215.17868526501138
750	5	मेन	0.37350	101.0
750	6	आरएंडडी	1.27642	528.0312546382329
750	7	तो	0.00850	145.61710593058092
750	8	।	0.00849	200.05665267703785
758	1	तो	0.36147	51.0
758	2	वहीं	0.17426	51.0
758	3	रहना	0.26019	372.1980044095982
758	4	है	0.00132	123.30855296529046
758	5	।	0.00391	197.78527964379384
766	1	यहाँ	0.36253	51.0
766	2	या	0.11349	51.0
766	3	बॉस्टन	0.53476	51.0
766	4	।	0.41114	123.30855296529046
774	1	मतलब	0.32433	51.0
774	2	वहीं	0.12471	51.0
774	3	रहना	0.24714	372.1980044095982
774	4	है	0.00148	123.30855296529046
774	5	।	0.00409	197.78527964379384
782	1	तो_बो	0.64106	51.0
782	2	।	0.90013	224.30855296529046
790	1	अच	0.14952	51.0
790	2	अच्छी	0.89309	224.30855296529046
790	3	लोकेशंज़	0.34315	123.30855296529046
790	4	दोनों	1.03207	197.78527964379384
790	5	हाँ	0.04666	215.17868526501138
790	6	।	0.01021	229.8585718968219
798	1	याह_बॉस्टन_ऐंड_[incomprehensible]	0.64106	51.0
798	2	।	0.90013	224.30855296529046
806	1	और	0.07862	51.0
806	2	इंडिया	0.36028	51.0
806	3	में	0.04843	123.30855296529043
806	4	भी	0.15451	197.78527964379387
806	5	है	0.52695	215.17868526501138
806	6	लाइब्रेरी	0.44717	101.0
806	7	डेवलपमेंट	1.58567	196.6171059305808
806	8	ग्रुप	1.62945	218.92565889587138
806	9	[pause]	0.17785	51.0
806	10	डेली	1.38773	395.929128334265
806	11	में	0.04714	145.61710593058092
806	12	।	0.42171	200.05665267703785
814	1	क्या	0.65753	101.0
814	2	वॉंट_डेवलपमेंट_ग्रुप	0.72045	123.30855296529043
814	3	।	0.00626	197.78527964379387
822	1	तो	0.36147	51.0
822	2	।	1.03579	224.30855296529046
830	1	लाइब्रेरी	0.21721	51.0
830	2	डेवलपमेंट	1.50375	174.30855296529043
830	3	।	0.29130	123.30855296529043
838	1	अबे	0.90496	101.0
838	2	लाइब्रेरी	0.92277	145.61710593058083
838	3	डेवलपमेंट	0.58604	200.0566526770377
838	4	में	0.02624	123.30855296529046
838	5	तुम	1.63932	278.7814369865765
838	6	क्या	1.21091	242.0080321753435
838	7	करोगे	0.16299	254.16995942303947
838	8	।	0.05227	265.56133050962103
846	1	क्यों	0.70586	101.0
846	2	।	0.00494	123.30855296529043
854	1	लाइब्रेरी_डेवलपमेंट_मीन्स_व्हाट	0.64106	51.0
854	2	।	0.90013	224.30855296529046
862	1	ओह_दैट्स_वेरी_लॉन्ग_लाइब्रेरीज़_ऐंड_स्टफ़_लाइक_दैट	0.64106	51.0
862	2	।	0.90013	224.30855296529046
870	1	ऑटोमेशन	0.49103	51.0
870	2	।	0.33791	123.30855296529043
878	1	लाइब्रेरी	0.21721	51.0
878	2	ऑटोमेशन	0.80972	51.0
878	3	सॉफ्टवेयर	1.71391	322.1980044095982
878	4	।	0.29040	123.30855296529046
886	1	यहाँ	0.36253	51.0
886	2	पर	0.04915	123.30855296529043
886	3	।	0.55163	197.78527964379387
894	1	राइट_राइट	0.58937	101.0
894	2	।	0.00288	123.30855296529043
902	1	लेकिन	0.07597	51.0
902	2	केडैंस_इस_पॉप्युलर_फॉर_कैड_डिज़ाइन_राइट	0.07593	51.0
902	3	।	2.10481	372.1980044095982
910	1	राइट	0.58937	101.0
910	2	।	0.00288	123.30855296529043
918	1	दैट_वी_आर_नॉट_टॉकिंग_अबाउट_दैट_लाइब्रेरी	0.64106	51.0
918	2	।	0.90013	224.30855296529046
926	1	वी_आर_टॉकिंग_अबाउट_अह	0.64106	51.0
926	2	।	0.90013	224.30855296529046
933	1	ये	0.06977	51.0
933	2	एसिक	1.01172	174.30855296529043
933	3	लाइब्रेरीज़	0.54482	51.00000000000003
933	4	होते	0.17926	372.1980044095982
933	5	है	0.00122	123.30855296529046
933	6	ना	0.02827	197.78527964379384
933	7	।	0.00350	215.17868526501138
941	1	उन	0.25126	51.0
941	2	के	0.02005	123.30855296529043
941	3	बारे	0.04578	244.5705592875877
941	4	में	0.02861	353.92614755459056
941	5	बात	0.56717	101.0
941	6	कर	0.22515	423.9498283987698
941	7	रहे	0.00251	123.30855296529035
941	8	हैं	0.00464	244.57055928758768
941	9	।	0.00282	218.64204918486348
949	1	एसिक्स_लाइब्रेरी_आइ_नो_व्हाट_एसिक्स_स्टैंड_फ़ॉर	0.64106	51.0
949	2	।	0.90013	224.30855296529046
957	1	बट_व्हाट_व्हाट_डज़_इट_मीन_बाइ_एसिक्स_लाइब्रेरी	0.64106	51.0
957	2	।	0.90013	224.30855296529046
965	1	[laughter]	0.86480	101.0
965	2	।	0.00914	123.30855296529043
973	1	अ	0.08929	51.0
973	2	नैंडगेट	0.44306	196.61710593058083
973	3	ऐंडगेट	0.63394	50.99999999999997
973	4	नौरगेट	1.52730	372.1980044095982
973	5	।	0.01029	123.30855296529046
981	1	ये_सब	0.64106	51.0
981	2	हाँ	0.74019	224.30855296529046
981	3	ये	0.98450	51.0
981	4	इन	0.08001	51.0
981	5	सब	1.17017	196.6171059305808
981	6	का	0.03337	123.30855296529046
981	7	लाइब्रेरीज़	0.80320	101.0
981	8	होता	0.17212	678.8074791568455
981	9	है	0.00323	123.30855296529035
981	10	।	0.22214	321.0150264032304
989	1	इस	0.28271	51.0
989	2	की	0.02452	123.30855296529043
989	3	लाइब्रेरी	0.63531	101.00000000000003
989	4	।	0.38565	123.30855296529046
997	1	व्हाट_डज़_इट_मीन_बाइ_टू_हैव_अ_लाइब्रेरी_ऑफ़_दीज़_थिंग्ज़	0.57920	51.0
997	2	।	0.74003	224.30855296529046
1005	1	ऑफ़_दीज़_गेट्स	0.64106	51.0
1005	2	।	0.90013	224.30855296529046
1013	1	देन_वी_डू_सिन्थेसिस	0.64106	51.0
1013	2	।	0.90013	224.30855296529046
1021	1	याह	0.12738	101.0
1021	2	।	0.00329	123.30855296529043
1029	1	हाँ	0.18068	101.0
1029	2	।	0.00491	123.30855296529043
1037	1	देन_ऑट_ऑटोमैटिक्ली	0.14697	51.0
1037	2	मैप	1.01535	224.30855296529046
1037	3	करेंगे	0.13680	123.30855296529046
1037	4	इन	1.20490	101.0
1037	5	लाइब्रेरी	0.85753	286.6769064203154
1037	6	एलिमेंट्स	0.97156	305.5563526185538
1037	7	पे	0.08848	123.30855296529035
1037	8	।	0.00913	304.17367577618484
1045	1	सो_वील_हैव_अ_डिज़ाइन_विच_इस_फ़ुल_ऑफ़_थीज़_लाइब्रेरी_एलिमेंट्स	0.35864	51.0
1045	2	।	0.86197	224.30855296529046
1053	1	ओह_यू_डोंट_हैव_टू_रीप्रोग्रैम_देम	0.64106	51.0
1053	2	।	0.90013	224.30855296529046
1061	1	नो_नो_नो	0.64106	51.0
1061	2	।	0.90013	224.30855296529046
1069	1	याह_दिस_इस_एसिक_सो_इट्स_नॉट_प्रोग्रैमेबल_[incomprehensible]	0.64106	51.0
1069	2	।	0.90013	224.30855296529046
1077	1	व्हाटएवर_दैट_मीन्स	0.64106	51.0
1077	2	।	0.90013	224.30855296529046
1085	1	ऐप्लिकेशन_स्पेसिफ़िक_इंटीग्रेटेड_सर्किट	0.57920	51.0
1085	2	।	0.74003	224.30855296529046
1093	1	राइट	0.58937	101.0
1093	2	।	0.00288	123.30855296529043
1101	1	ह्म	0.08689	101.0
1101	2	।	0.00378	123.30855296529043
1108	1	ह्म	0.39839	101.0
1108	2	ये	0.76359	145.61710593058083
1108	3	सिन्थेसिस	1.09055	100.99999999999997
1108	4	के	0.01856	123.30855296529046
1108	5	लिए	0.03839	244.57055928758768
1108	6	यूज़	0.13961	412.5272248770366
1108	7	।	0.01961	255.91688203011176
1116	1	एनीवे_हाउ_इस_द_जॉंब	0.64106	51.0
1116	2	।	0.90013	224.30855296529046
1124	1	बिज़ी	0.29326	101.0
1124	2	।	0.00204	123.30855296529043
1132	1	वेरी_बिज़ी	0.64106	51.0
1132	2	।	0.90013	224.30855296529046
1140	1	तो	0.36147	51.0
1140	2	।	1.03579	224.30855296529046
1148	1	ह्म	0.08689	101.0
1148	2	ह्म	0.01347	123.30855296529043
1148	3	।	0.00414	197.78527964379387
1156	1	हाउ_मेनी_आइ_मीन_दिस_इस_यौर_फ़र्स्ट_ईयर_इट्सेल्फ़_राइट	0.35864	51.0
1156	2	।	0.86197	224.30855296529046
1164	1	यप	0.21271	101.0
1164	2	।	0.00414	123.30855296529043
1172	1	इट्स_गोना_बी_[incomprehensible]_नाउ	0.64106	51.0
1172	2	हाँ	0.47503	246.6171059305808
1172	3	।	0.04642	123.30855296529046
1180	1	वेकेशन	0.21721	51.0
1180	2	वेकेशेन	1.50375	174.30855296529043
1180	3	है	0.36593	123.30855296529043
1180	4	।	0.29131	197.7852796437939
1188	1	वेकेशन	0.49103	51.0
1188	2	कितनी	0.10944	51.0
1188	3	दे	0.19289	372.1980044095982
1188	4	रहे	0.00299	123.30855296529046
1188	5	हैं	0.00495	244.57055928758768
1188	6	।	0.00355	218.64204918486348
1196	1	अभी	0.21418	51.0
1196	2	10	0.15224	51.0
1196	3	दिन	0.78894	174.30855296529046
1196	4	होगा	0.17577	387.7550883222742
1196	5	।	0.00336	123.30855296529046
1204	1	10	0.20380	51.0
1204	2	प्लस	0.95510	174.30855296529043
1204	3	3	0.16756	51.00000000000003
1204	4	फ़्लोटिंग	1.01269	196.6171059305808
1204	5	।	0.35780	123.30855296529046
1212	1	सो	0.92028	101.0
1212	2	13	0.93419	123.30855296529043
1212	3	14	0.67884	101.00000000000003
1212	4	दिन	0.77353	286.6769064203154
1212	5	होंगे	0.27603	305.55635261855366
1212	6	।	0.06732	245.6235515990943
1220	1	अबे	0.22310	101.0
1220	2	तो	0.01716	123.30855296529043
1220	3	लग	0.20027	197.78527964379387
1220	4	लो	0.02299	123.30855296529046
1220	5	इसी	1.46399	197.78527964379384
1220	6	के	0.01226	123.30855296529046
1220	7	संग	0.13863	197.78527964379384
1220	8	।	0.03302	357.5897174038182
1228	1	[anonymized]	0.92047	101.0
1228	2	के	0.00066	123.30855296529043
1228	3	संग	0.00736	197.78527964379387
1228	4	।	0.00360	215.17868526501138
1236	1	ह्म	0.08689	101.0
1236	2	।	0.00378	123.30855296529043
1244	1	अरे	0.89801	101.0
1244	2	उस	0.99128	51.0
1244	3	के	0.01591	123.30855296529046
1244	4	साथ	0.13592	197.78527964379384
1244	5	लगेंगे	0.15518	395.09910484705836
1244	6	तो	1.00442	51.0
1244	7	मेरा	0.06378	51.0
1244	8	शादी	0.56303	51.0
1244	9	तुम	0.43491	51.000000000000114
1244	10	करोगे	0.39932	1171.6638288660538
1244	11	क्या	0.89670	123.30855296529035
1244	12	।	0.06855	406.16202490149817
1252	1	[laughter]	0.86480	101.0
1252	2	।	0.00914	123.30855296529043
1259	1	तो	0.36147	51.0
1259	2	छुट्टी	0.21499	51.0
1259	3	में	0.02820	123.30855296529043
1259	4	तुम	0.23813	101.00000000000003
1259	5	क्या	0.58684	51.0
1259	6	करोगे	0.26309	740.3285442921045
1259	7	।	0.00454	123.30855296529035
1267	1	[laughter]	0.86480	101.0
1267	2	हाँ	0.08339	123.30855296529043
1267	3	।	0.00955	197.78527964379387
1275	1	आइ_मीन_जस्ट_बिकॉज़_यू_हैव_वेकेशन_आइ_गेस	0.35864	51.0
1275	2	।	0.86197	224.30855296529046
1283	1	याह_बट_वेकेशन_आइ_कैन_अक्यूमलेट	0.35864	51.0
1283	2	।	0.86197	224.30855296529046
1291	1	[incomprehensible]_इस_वॉर्निंग_अस_इट_हैस_टू_बी_इन_हिन्दी	0.35864	51.0
1291	2	।	0.86197	224.30855296529046
1299	1	हाँ	0.18068	101.0
1299	2	ठीक	0.29008	123.30855296529043
1299	3	है	0.65744	123.30855296529043
1299	4	।	0.01974	263.29007342499136
1307	1	तो_विक	0.64106	51.0
1307	2	तो	0.52895	123.30855296529043
1307	3	कौन	1.08448	298.78527964379384
1307	4	सुन	0.16668	123.30855296529046
1307	5	रहा	0.01308	123.30855296529046
1307	6	है	0.01025	244.57055928758768
1307	7	हिन्दी	1.26689	218.64204918486348
1307	8	में	0.01304	123.30855296529035
1307	9	।	0.06818	351.4559389652052
1315	1	[noise]	0.72736	51.0
1315	2	।	0.90741	224.30855296529046
1323	1	मालूम	0.67678	101.0
1323	2	नहीं	0.13494	123.30855296529043
1323	3	कम्प्यूटर	0.42143	197.78527964379387
1323	4	रिकॉर्ड	0.37999	215.17868526501138
1323	5	कर	0.20149	229.858571896822
1323	6	रहा	0.01005	123.30855296529046
1323	7	है	0.00896	244.57055928758757
1323	8	।	0.05979	312.9797776082182
1331	1	दे	0.27683	101.0
1331	2	[incomprehensible]	0.12087	123.30855296529043
1331	3	।	0.00240	197.78527964379387
1339	1	तो	0.36147	51.0
1339	2	उस	0.12928	51.0
1339	3	को	0.02604	123.30855296529043
1339	4	पता	0.66046	101.00000000000003
1339	5	है	0.78794	123.30855296529046
1339	6	कि	0.09122	101.0
1339	7	इंग्लिश	0.16893	51.0
1339	8	में	0.04192	145.6171059305808
1339	9	बात	0.70064	101.0
1339	10	करें	0.45258	1823.8540603437978
1339	11	हिन्दी	0.38691	190.23421186116184
1339	12	में	0.02334	167.9256588958715
1339	13	कर	0.13343	412.46312763542437
1339	14	रहे	0.00615	123.30855296529035
1339	15	हैं	0.00690	244.57055928758746
1339	16	।	0.10403	313.1753262962402
1347	1	नहीं	0.76841	51.0
1347	2	नहीं	0.19474	51.0
1347	3	समवन_विल_लिसन_टू_द_कन्वर्सेशन	1.45775	372.1980044095982
1347	4	।	0.03191	123.30855296529046
1355	1	ओह	0.28400	101.0
1355	2	उस	0.91727	51.0
1355	3	को	0.02491	123.30855296529046
1355	4	समझ	0.92858	101.0
1355	5	में	0.02932	145.6171059305808
1355	6	आ	0.16886	571.0193441009901
1355	7	रहा	0.01713	123.30855296529035
1355	8	है	0.01184	244.57055928758768
1355	9	क्या	1.81475	322.4208494842637
1355	10	।	0.00558	282.91428140754397
1363	1	ह	0.36978	51.0
1363	2	हाँ	0.17509	224.30855296529046
1363	3	।	0.02812	123.30855296529046
1371	1	[laughter]	0.86480	101.0
1371	2	चलो	0.76119	51.0
1371	3	तेलुगु	1.29064	344.92912833426476
1371	4	में	0.27978	123.30855296529046
1371	5	बात	0.71078	151.0
1371	6	करते	0.17319	315.0901937117129
1371	7	हैं	0.00993	123.30855296529035
1371	8	[laughter]	0.34502	311.8686906742878
1371	9	।	0.00917	394.6985905204019
1378	1	तेलुगु	0.72029	51.0
1378	2	तो	0.22017	123.30855296529043
1378	3	हमे	0.35577	101.00000000000003
1378	4	नहीं	0.62991	51.0
1378	5	आती	0.16972	549.5565505270109
1378	6	ना	0.04469	145.6171059305808
1378	7	।	0.00356	200.0566526770375
1385	1	तेलुगु	0.72029	51.0
1385	2	भी	0.13554	123.30855296529043
1385	3	उन	0.40759	101.00000000000003
1385	4	की	0.02475	123.30855296529046
1385	5	चॉइस	0.90500	101.0
1385	6	है	0.47864	123.30855296529046
1385	7	।	0.38566	197.78527964379384
1393	1	तो	0.36147	51.0
1393	2	।	1.03579	224.30855296529046
1401	1	हाँ	0.18068	101.0
1401	2	हाँ	0.04620	123.30855296529043
1401	3	।	0.00749	197.78527964379387
1409	1	दे_हैव_1_ऑप्शन_ऑफ़_तेलुगु	0.64106	51.0
1409	2	।	0.90013	224.30855296529046
1416	1	अगर	0.04549	51.0
1416	2	तुम्हारा	0.13368	51.0
1416	3	कोई	0.28652	51.0
1416	4	तेलुगु	0.53260	51.0
1416	5	दोस्त	1.90427	322.1980044095982
1416	6	है	0.48974	123.30855296529046
1416	7	।	0.39572	197.78527964379384
1424	1	हाँ	0.18068	101.0
1424	2	।	0.00491	123.30855296529043
1432	1	तो	0.36147	51.0
1432	2	आइ_कैन_गिव_यू_द_नम्बर	0.15055	51.0
1432	3	।	1.99211	372.1980044095982
1440	1	बट_आइ_[incomprehensible]	0.64106	51.0
1440	2	।	0.90013	224.30855296529046
1448	1	क्यों	0.70586	101.0
1448	2	।	0.00494	123.30855296529043
1456	1	मेरा_मेरा	0.64106	51.0
1456	2	मेरा	1.09941	174.30855296529043
1456	3	आवाज़	0.50901	51.00000000000003
1456	4	हर	0.14491	51.0
1456	5	जगह	1.72985	395.92912833426476
1456	6	जाएगा	0.19587	406.3016002352248
1456	7	तब	0.40965	145.61710593058092
1456	8	।	0.00762	200.05665267703785
1464	1	हाँ	0.18068	101.0
1464	2	।	0.00491	123.30855296529043
1472	1	लेकिन	0.07597	51.0
1472	2	15	0.15299	51.0
1472	3	मिनट	0.58601	174.30855296529046
1472	4	कॉल	0.87978	51.0
1472	5	के	0.01677	123.30855296529046
1472	6	लिए	0.03462	244.57055928758768
1472	7	बहुत	0.11237	101.0
1472	8	झंझट	2.27314	975.4746208827823
1472	9	है	0.45680	123.30855296529035
1472	10	ये	0.49626	101.0
1472	11	सब	0.66586	51.0
1472	12	।	0.60147	123.30855296529035
1480	1	ह्म	0.08689	101.0
1480	2	।	0.00378	123.30855296529043
1488	1	दिस_इस_नॉट_वर्थ_इट	0.35864	51.0
1488	2	[laughter]	1.75131	224.30855296529046
1488	3	।	0.04988	123.30855296529046
1496	1	यप	0.21271	101.0
1496	2	।	0.00414	123.30855296529043
1504	1	तो_और	0.14697	51.0
1504	2	[pause]	0.51942	51.0
1504	3	और_इस	1.16205	322.1980044095982
1504	4	इस	0.96122	174.30855296529046
1504	5	से	0.02687	123.30855296529046
1504	6	क्या	0.13691	101.0
1504	7	बात	1.83745	387.6769064203153
1504	8	हुई	0.12921	123.30855296529035
1504	9	अम	1.10009	101.0
1504	10	[pause]	0.75091	51.0
1504	11	सत्या	0.81958	607.7946952800451
1504	12	से	0.47721	145.6171059305807
1504	13	।	0.00979	308.29410195323
1512	1	आर_यू_प्लैनिंग_टू_विज़िट_हिम_ऑर_इस_ही_कमिंग_टू_विज़िट_यू	0.57920	51.0
1512	2	।	0.74003	224.30855296529046
1520	1	याह_वी_शुड_बी_अह_प्रोबेब्ली_आइल_आस्क_हिम_टू_क॑म_ओवर_टुडे	0.64106	51.0
1520	2	।	0.90013	224.30855296529046
1528	1	ही_मस्ट_बी_हार्ड्ली_विदिन_2_आवर्ज़_अवे_राइट	0.57920	51.0
1528	2	।	0.74003	224.30855296529046
1536	1	[incomprehensible]	0.89742	51.0
1536	2	।	0.95973	224.30855296529046
1544	1	याह	0.49229	101.0
1544	2	पर	0.08307	123.30855296529043
1544	3	अभी	0.99241	101.00000000000003
1544	4	तो	0.11050	123.30855296529046
1544	5	जॉइन	1.04211	504.0179756662767
1544	6	नहीं	0.56080	123.30855296529035
1544	7	किया	0.36383	305.82011644532804
1544	8	ना	0.04249	123.30855296529035
1544	9	।	0.02371	324.1860716904039
1552	1	मंडे	0.72029	51.0
1552	2	से	0.05145	123.30855296529043
1552	3	जॉइन	1.03270	298.78527964379384
1552	4	करेगा	0.15804	123.30855296529046
1552	5	।	0.02139	197.78527964379384
1560	1	अभी	0.21418	51.0
1560	2	तो	0.11941	123.30855296529043
1560	3	घर	0.51403	101.00000000000003
1560	4	के	0.01984	123.30855296529046
1560	5	लिए	0.04080	244.57055928758768
1560	6	ढूँढ	0.22330	512.3479000496711
1560	7	रहा	0.00390	123.30855296529035
1560	8	है	0.00639	244.57055928758768
1560	9	।	0.00411	218.64204918486348
1568	1	[incomprehensible]	0.89742	51.0
1568	2	।	0.95973	224.30855296529046
1576	1	अच्छा	0.23211	101.0
1576	2	अच्छा	0.05976	145.61710593058083
1576	3	अच्छा	0.17663	298.1699580311132
1576	4	अच्छा	0.17663	442.64846666300673
1576	5	।	0.01044	249.16138738488644
1584	1	लेकिन	0.07597	51.0
1584	2	एरिया	0.31323	51.0
1584	3	में	0.02817	123.30855296529043
1584	4	है	0.46587	197.78527964379387
1584	5	कि	0.05588	101.0
1584	6	अपनी	0.13274	51.0
1584	7	क	0.18810	51.0
1584	8	कन्या	0.68379	196.6171059305808
1584	9	के	0.02298	145.6171059305808
1584	10	संग	0.20476	200.05665267703762
1584	11	घूम	0.43693	1790.4780150703955
1584	12	रहा	0.00320	123.30855296529035
1584	13	है	0.00608	244.57055928758746
1584	14	।	0.00393	218.64204918486348
1592	1	किस	0.70851	101.0
1592	2	के	0.00043	123.30855296529043
1592	3	साथ	0.00373	197.78527964379387
1592	4	जाएगा	0.19008	215.17868526501138
1592	5	।	0.05102	229.858571896822
1600	1	उस	0.22294	51.0
1600	2	का	0.02017	123.30855296529043
1600	3	कन्या	0.69441	101.00000000000003
1600	4	कौन	0.62356	51.0
1600	5	है	0.45541	123.30855296529046
1600	6	।	0.37411	197.78527964379384
1607	1	वो	0.25433	51.0
1607	2	1	0.06714	51.0
1607	3	चाइनीज़	0.67060	174.30855296529046
1607	4	कन्या	1.22076	174.30855296529046
1607	5	है	0.49273	123.30855296529046
1607	6	कैनी	0.71648	101.0
1607	7	।	0.41819	123.30855296529046
1615	1	हाँ	0.18068	101.0
1615	2	हाँ	0.04620	123.30855296529043
1615	3	।	0.00749	197.78527964379387
1623	1	वो	0.25433	51.0
1623	2	यहाँ	0.32609	51.0
1623	3	पर	0.04376	123.30855296529043
1623	4	है	0.76578	197.78527964379387
1623	5	क्या	0.61954	101.0
1623	6	।	0.65906	123.30855296529046
1631	1	[incomprehensible]	0.89742	51.0
1631	2	।	0.95973	224.30855296529046
1639	1	वो	0.11981	51.0
1639	2	उस	0.24909	51.0
1639	3	उस	1.43407	395.92912833426476
1639	4	का	0.02112	123.30855296529046
1639	5	घर	0.45208	101.0
1639	6	[pause]	0.05419	51.0
1639	7	सनीवेल	0.52081	174.30855296529046
1639	8	में	0.04422	145.61710593058092
1639	9	ही	0.13499	200.05665267703785
1639	10	तो	0.19422	283.04182797513727
1639	11	है	0.52426	235.3845860359886
1639	12	।	0.40964	248.04485366106383
1647	1	ओह	0.28400	101.0
1647	2	।	0.00419	123.30855296529043
1655	1	वो	0.25433	51.0
1655	2	उस	0.21099	51.0
1655	3	के	0.01591	123.30855296529043
1655	4	साथ	0.13592	197.78527964379387
1655	5	काम	0.74417	101.0
1655	6	करती	0.27040	592.3046350569223
1655	7	है	0.00108	123.30855296529035
1655	8	सन	0.34781	197.78527964379373
1655	9	के	0.08261	145.61710593058092
1655	10	संग	0.68919	249.11330535407546
1655	11	।	0.01121	292.97119672569943
1663	1	ह्म	0.08689	101.0
1663	2	ह्म	0.01347	123.30855296529043
1663	3	।	0.00414	197.78527964379387
1671	1	ह्म	0.40473	101.0
1671	2	[incomprehensible]	0.19953	123.30855296529043
1671	3	।	0.00672	197.78527964379387
1678	1	ओह	0.28400	101.0
1678	2	इसीलिए	0.83444	123.30855296529043
1678	3	वो	1.15517	244.57055928758777
1678	4	यहाँ	1.12701	353.9261475545906
1678	5	आया	0.21334	240.60553608901967
1678	6	है	0.00775	123.30855296529035
1678	7	।	0.02017	310.855521625605
1686	1	म_आइ_समथिंग_लाइक_दैट	0.64106	51.0
1686	2	।	0.90013	224.30855296529046
1694	1	बट_आइ_मीन_लेट_हिम_एक्स्प्लेन_इट_टू_यू_ओके	0.35864	51.0
1694	2	।	0.86197	224.30855296529046
1702	1	ह्म	0.08689	101.0
1702	2	ह्म	0.01347	123.30855296529043
1702	3	।	0.00414	197.78527964379387
1710	1	ओके	0.36652	101.0
1710	2	[laughter]	0.34230	123.30855296529043
1710	3	।	0.00439	197.78527964379387
1718	1	डोंट_क्वोट_मी_ऑन_दैट	0.64106	51.0
1718	2	।	0.90013	224.30855296529046
1726	1	ठीक	0.37229	101.0
1726	2	है	0.00345	123.30855296529043
1726	3	।	0.00192	197.78527964379387
1734	1	अम	0.13808	51.0
1734	2	हाँ	1.11529	224.30855296529046
1734	3	मतलब	0.31449	51.0
1734	4	वेल_आइ_गेस_एवरीवन_डज़_व्हाट_दे_कैन	0.17986	51.0
1734	5	।	1.26877	271.1980044095982
1742	1	काइंड_ऑफ़	0.64106	51.0
1742	2	।	0.90013	224.30855296529046
1750	1	यप	0.21271	101.0
1750	2	।	0.00414	123.30855296529043
1758	1	लड़की	0.46215	51.0
1758	2	के	0.02052	123.30855296529043
1758	3	बिना	0.19552	197.78527964379387
1758	4	काफ़ी	0.32619	101.0
1758	5	प्रॉब्लम	2.11760	453.02039475312586
1758	6	होती	0.14970	224.30855296529035
1758	7	है	0.00126	123.30855296529035
1758	8	तो	0.03530	197.78527964379396
1758	9	।	0.00353	215.17868526501138
1766	1	यप	0.21271	101.0
1766	2	।	0.00414	123.30855296529043
1774	1	हाथ	0.44479	51.0
1774	2	दुख	0.97471	246.6171059305808
1774	3	जाते	0.00846	123.30855296529046
1774	4	है	0.00620	244.57055928758768
1774	5	।	0.00395	218.64204918486348
1782	1	[laughter]	0.86480	101.0
1782	2	मेरा	0.61283	51.0
1782	3	नाम	0.97886	51.0
1782	4	मत	1.09914	51.0
1782	5	लेना	0.18120	616.5967190957491
1782	6	इस	0.90036	51.0
1782	7	पूरे	1.80616	174.30855296529046
1782	8	पूरे	1.21943	196.61710593058092
1782	9	कन्वर्सेशन	0.70382	401.9992729960327
1782	10	में	0.01126	123.30855296529035
1782	11	।	0.04409	387.80166710425465
1790	1	ओह_शिट	0.64106	51.0
1790	2	।	0.90013	224.30855296529046
1798	1	वी_शुडन्ट_बी_टॉकिंग_लाइक_दिस	0.35864	51.0
1798	2	।	0.86197	224.30855296529046
1806	1	दिस_इस_बीइंग_रिकॉर्डेड_[laughter]	0.57920	51.0
1806	2	।	0.74003	224.30855296529046
1814	1	[laughter]	0.86480	101.0
1814	2	अ	0.22797	51.0
1814	3	।	0.48960	271.1980044095982
1822	1	[laughter]	0.86480	101.0
1822	2	तुम	0.73342	51.0
1822	3	अपना	0.45500	51.0
1822	4	नाम	2.41283	436.53645876795383
1822	5	जितना	0.59133	101.0
1822	6	बदनाम	0.78791	313.42485685544045
1822	7	कर	0.33362	252.414171787246
1822	8	सकते	0.02418	123.30855296529035
1822	9	हो	0.02442	244.57055928758768
1822	10	कर	0.90166	353.92614755459044
1822	11	लो	0.25853	190.23421186116207
1822	12	।	0.03339	401.4117963401163
1830	1	मेरा_नाम	0.64106	51.0
1830	2	।	0.90013	224.30855296529046
1838	1	और	0.91841	101.0
1838	2	क्या	0.62946	123.30855296529043
1838	3	।	0.02766	197.78527964379387
1846	1	एनिवे_आर_यू_आर_यू_[laughter]_आर_यू_प्लैनिंग_टू	0.64106	51.0
1846	2	अह	0.35339	51.0
1846	3	आयोवा	1.15040	196.6171059305808
1846	4	सिटी	1.81416	339.47445168586114
1846	5	ट्रिप	1.58994	174.30855296529046
1846	6	नहीं	0.41225	51.0
1846	7	लगा	0.13185	372.19800440959807
1846	8	रहा	0.00367	123.30855296529035
1846	9	1	0.40406	101.0
1846	10	।	0.95871	286.67690642031516
1853	1	अरे	0.89801	101.0
1853	2	लगा	0.21089	123.30855296529043
1853	3	के	0.01946	123.30855296529043
1853	4	भी	0.10624	197.7852796437939
1853	5	क्या	1.21956	277.2239758756274
1853	6	करेंगे	0.23662	330.19158864353903
1853	7	।	0.01781	257.06367669948827
1861	1	यौर_यौर_बॉस_शुड_बी_देर	0.64106	51.0
1861	2	।	0.90013	224.30855296529046
1869	1	याह	0.49229	101.0
1869	2	वो	0.88030	123.30855296529043
1869	3	तो	0.20818	123.30855296529043
1869	4	है	0.68138	263.29007342499136
1869	5	।	0.00443	228.21006664275706
1876	1	वही	0.25553	51.0
1876	2	यार	1.95868	174.30855296529043
1876	3	अम	0.20722	51.00000000000003
1876	4	जाएँगे	0.34956	372.1980044095982
1876	5	आयोवा	0.63502	51.0
1876	6	सिटी	0.70838	344.92912833426476
1876	7	।	0.01738	220.635955650273
1884	1	थोड़ा	0.43071	51.0
1884	2	काम	1.57600	174.30855296529043
1884	3	है	0.32395	123.30855296529043
1884	4	।	0.25628	197.7852796437939
1892	1	काम	0.40402	51.0
1892	2	भी	0.07921	123.30855296529043
1892	3	है	0.42859	197.78527964379387
1892	4	।	0.34219	215.17868526501138
1900	1	ओ	0.21758	101.0
1900	2	।	0.00408	123.30855296529043
1908	1	याह	0.49229	101.0
1908	2	वो	0.88030	123.30855296529043
1908	3	थोड़ा	0.63605	197.78527964379387
1908	4	सा	0.40922	215.17868526501138
1908	5	पेपर	0.79666	101.0
1908	6	वेपर	1.57775	543.1428746136996
1908	7	लिख	0.40084	262.82303648028415
1908	8	लिखना	0.26632	273.7562154471457
1908	9	उन	0.92408	417.3867431849162
1908	10	के	0.04592	123.30855296529035
1908	11	साथ	0.41694	197.78527964379373
1908	12	।	0.00680	360.48252869072894
1916	1	छापना	0.27803	101.0
1916	2	।	0.00253	123.30855296529043
1924	1	अह	0.25153	51.0
1924	2	कभी	0.70261	174.30855296529043
1924	3	जाऊँगा	0.24990	224.30855296529043
1924	4	वहाँ	0.30663	145.61710593058086
1924	5	पे	0.04343	123.30855296529046
1924	6	।	0.00793	265.0136393889485
1932	1	अच्छ	0.66395	101.0
1932	2	अच्छ	0.25875	123.30855296529043
1932	3	अच्छा	0.31905	244.57055928758777
1932	4	।	0.01217	218.64204918486354
1940	1	1	0.14879	51.0
1940	2	2	1.00012	174.30855296529043
1940	3	दिन	0.94736	174.30855296529043
1940	4	की	0.02398	123.3085529652904
1940	5	छुट्टी	0.59878	101.0
1940	6	ले	0.25616	387.6769064203154
1940	7	कर	0.00397	123.30855296529035
1940	8	4	0.80739	101.0
1940	9	दिन	0.36253	466.22435038599156
1940	10	के	0.00798	145.61710593058092
1940	11	लिए	0.01895	298.1699580311131
1940	12	जाऊँगा	0.20764	424.98654749863545
1940	13	।	0.06896	278.28594430277417
1948	1	ओए	0.87088	101.0
1948	2	तुम्हारा_दुश	0.34257	123.30855296529043
1948	3	तुम्हारे	0.74409	197.78527964379387
1948	4	दुश्मन	1.37659	215.17868526501138
1948	5	की	0.01014	123.30855296529046
1948	6	शादी	1.78222	378.8748460862197
1948	7	हो	0.26878	256.4472059804141
1948	8	गई	0.01071	123.30855296529035
1948	9	।	0.08469	324.7448342440607
1955	1	वो	0.25433	51.0
1955	2	तो	0.11356	123.30855296529043
1955	3	बताया	0.20851	298.78527964379384
1955	4	था	0.00311	123.30855296529046
1955	5	तुम्हें	0.57642	244.5705592875878
1955	6	ना	0.53130	123.30855296529046
1955	7	।	0.01068	280.16209745749745
1963	1	दुश्मन	0.49103	51.0
1963	2	कौन	0.56759	51.0
1963	3	है	0.45541	123.30855296529043
1963	4	मेरा	0.40956	101.00000000000003
1963	5	।	0.71858	123.30855296529046
1971	1	अबे	0.90496	101.0
1971	2	[anonymized]	0.18914	123.30855296529043
1971	3	।	0.01717	197.78527964379387
1978	1	अरे	0.89801	101.0
1978	2	वो	0.90878	145.61710593058083
1978	3	मेरा	1.31152	100.99999999999997
1978	4	दुश्मन	0.84748	51.0
1978	5	नहीं	0.50011	51.0
1978	6	है	1.33952	271.1980044095982
1978	7	।	0.32822	215.2625742078709
1986	1	अम	0.60786	51.0
1986	2	अंजान	1.09232	224.30855296529046
1986	3	है	0.00412	123.30855296529046
1986	4	।	0.01387	197.78527964379384
1994	1	अच्छा	0.23211	101.0
1994	2	अंजान	0.42378	123.30855296529043
1994	3	है	0.24419	123.30855296529043
1994	4	।	0.01638	263.29007342499136
2002	1	उस	0.22294	51.0
2002	2	की	0.02161	123.30855296529043
2002	3	[incomprehensible]	0.24229	101.00000000000003
2002	4	तो	0.42889	123.30855296529046
2002	5	बताया	0.40186	476.0732391373359
2002	6	था	0.00311	123.30855296529046
2002	7	तुम्हें	0.57642	244.57055928758768
2002	8	शायद	0.75865	218.64204918486348
2002	9	राइट	0.38290	232.90857074504106
2002	10	।	0.01583	245.7723462239053
2010	1	[laughter]	0.86480	101.0
2010	2	।	0.00914	123.30855296529043
2018	1	उस	0.22294	51.0
2018	2	की	0.02161	123.30855296529043
2018	3	शादी	0.66764	101.00000000000003
2018	4	हो	0.14952	387.6769064203154
2018	5	गई	0.00340	123.30855296529046
2018	6	।	0.00323	197.78527964379384
2026	1	हाँ	0.18068	101.0
2026	2	।	0.00491	123.30855296529043
2034	1	वो	0.25433	51.0
2034	2	अपनी	0.23990	51.0
2034	3	बीवी	1.94606	174.30855296529046
2034	4	के	0.01827	123.30855296529046
2034	5	संग	0.16496	197.78527964379384
2034	6	यहाँ	0.66869	101.0
2034	7	पर	0.04495	145.6171059305808
2034	8	घूमने	0.28309	702.1972602253031
2034	9	आया	0.12702	145.61710593058092
2034	10	था	0.00964	123.30855296529035
2034	11	।	0.03248	265.0136393889486
2042	1	हाँ	0.18068	101.0
2042	2	हाँ	0.04620	123.30855296529043
2042	3	।	0.00749	197.78527964379387
2050	1	हाँ	0.18068	101.0
2050	2	हाँ	0.04620	123.30855296529043
2050	3	।	0.00749	197.78527964379387
2058	1	उस	0.22294	51.0
2058	2	की	0.02161	123.30855296529043
2058	3	बीवी	0.73498	101.00000000000003
2058	4	क्या	0.31616	51.0
2058	5	उसी	0.78660	196.6171059305808
2058	6	की	0.02560	145.6171059305808
2058	7	तरह	0.04497	298.1699580311132
2058	8	है	0.80309	223.91211666575168
2058	9	क्या	0.64989	101.0
2058	10	।	0.65906	123.30855296529035
2066	1	ढीठ	0.65209	101.0
2066	2	टाइप	0.39381	123.30855296529043
2066	3	।	0.01622	197.78527964379387
2074	1	ढीठ	0.65209	101.0
2074	2	टाइप	0.39381	123.30855296529043
2074	3	।	0.01622	197.78527964379387
2082	1	मतलब	0.32433	51.0
2082	2	।	0.45154	123.30855296529043
2090	1	हैं	0.04806	101.0
2090	2	।	0.00374	123.30855296529043
2097	1	ढीठ	0.65209	101.0
2097	2	टाइप	0.39381	123.30855296529043
2097	3	है	0.24419	123.30855296529043
2097	4	क्या	0.83946	263.29007342499136
2097	5	वो	0.68911	228.21006664275706
2097	6	[laughter]	0.55048	241.48938494792537
2097	7	।	0.00307	253.68810202687996
2105	1	[laughter]	0.86480	101.0
2105	2	भई	0.44497	123.30855296529043
2105	3	ये	0.42419	101.00000000000003
2105	4	सब	0.61800	286.6769064203154
2105	5	तुम्हारे	0.92058	101.0
2105	6	एडजेक्टिव	1.86235	311.90344810781914
2105	7	हमें	1.25490	101.0
2105	8	समझ	0.87378	51.0
2105	9	में	0.02367	123.30855296529035
2105	10	नहीं	0.44140	101.0
2105	11	आते	0.16587	1021.0976277300529
2105	12	हैं	0.01089	123.30855296529035
2105	13	।	0.02898	360.1495812242392
2113	1	[laughter]	0.86480	101.0
2113	2	ढीठ	0.59326	51.0
2113	3	का	0.02596	123.30855296529046
2113	4	मतलब	0.66236	101.0
2113	5	पता	0.34224	51.0
2113	6	नहीं	0.44360	51.0
2113	7	है	1.54525	271.1980044095982
2113	8	।	0.43415	215.2625742078709
2121	1	मालूम	0.67678	101.0
2121	2	है	0.00345	123.30855296529043
2121	3	बट_आइ_डोंट_आइ_नेवर_हैव_हर्ड_इट_यूज़्ड_इन_अमेरिका	0.33672	197.78527964379387
2121	4	।	0.00269	215.17868526501138
2129	1	[laughter]	0.86480	101.0
2129	2	इंडियन	0.84664	51.0
2129	3	नेम	1.29435	271.1980044095982
2129	4	है	0.61836	123.30855296529046
2129	5	ढीठ	0.99280	353.5892433923825
2129	6	।	0.01065	244.71965487241073
2137	1	अम	0.13808	51.0
2137	2	[incomprehensible]	1.11174	174.30855296529043
2137	3	।	1.06896	224.30855296529043
2145	1	अम	0.54863	51.0
2145	2	मस्त	0.93227	246.6171059305808
2145	3	है	0.00376	123.30855296529046
2145	4	और	0.82666	197.78527964379384
2145	5	क्या	0.28581	215.17868526501138
2145	6	।	0.01571	229.8585718968219
2153	1	आइ_मीन_शीस_अम_देर्स_अ_बिग_एज_गैप_दो	0.64106	51.0
2153	2	।	0.90013	224.30855296529046
2161	1	[laughter]	0.86480	101.0
2161	2	।	0.00914	123.30855296529043
2169	1	ओह	0.28400	101.0
2169	2	।	0.00419	123.30855296529043
2177	1	वो	0.25433	51.0
2177	2	शायद	0.14624	51.0
2177	3	24	0.29433	51.0
2177	4	25	1.01975	174.30855296529046
2177	5	साल	0.89326	174.30855296529046
2177	6	की	0.02598	123.30855296529046
2177	7	होगी	0.22396	686.8647698626922
2177	8	।	0.00392	123.30855296529035
2185	1	और	0.07862	51.0
2185	2	ये	0.26097	51.0
2185	3	कितना	0.30267	51.0
2185	4	है	0.61134	123.30855296529046
2185	5	।	0.49732	197.78527964379384
2193	1	ये	0.26593	51.0
2193	2	तो	0.10399	123.30855296529043
2193	3	बुड्ढ़ा	0.43400	101.00000000000003
2193	4	हो	0.14552	387.6769064203154
2193	5	गया	0.00430	123.30855296529046
2193	6	होगा	0.00555	244.57055928758768
2193	7	अब	0.54911	286.28409836972696
2193	8	तो	0.12074	145.61710593058092
2193	9	यार	1.08296	297.32220235292766
2193	10	।	0.03481	259.1267883367291
2201	1	33	0.28862	51.0
2201	2	34	1.24435	174.30855296529043
2201	3	साल	0.98324	174.30855296529043
2201	4	का	0.02147	123.3085529652904
2201	5	तो	0.13027	197.78527964379384
2201	6	होगा	0.15020	316.17868526501127
2201	7	ही	0.00396	145.61710593058092
2201	8	।	0.00325	200.05665267703785
2209	1	वाउ	0.21271	101.0
2209	2	।	0.00414	123.30855296529043
2217	1	उतना	0.68560	51.0
2217	2	है	0.70253	123.30855296529043
2217	3	।	0.64851	197.78527964379387
2225	1	तेत	0.14952	51.0
2225	2	कम	1.44523	174.30855296529043
2225	3	से	0.09615	123.30855296529043
2225	4	कम	0.93309	101.0
2225	5	32	2.81377	337.67690642031533
2225	6	33	1.39487	174.30855296529046
2225	7	का	0.13928	123.30855296529035
2225	8	तो	0.30752	244.57055928758768
2225	9	होना	0.15459	319.6420491848635
2225	10	ही	0.00375	167.92565889587127
2225	11	चाहिए	0.00579	202.22741407101307
2225	12	।	0.00311	218.80587533602193
2233	1	हम	0.23006	51.0
2233	2	खुद	0.33895	51.0
2233	3	31	0.23172	51.0
2233	4	के	0.12619	123.30855296529046
2233	5	होने	0.25050	644.0268564457308
2233	6	वाले	0.00466	123.30855296529046
2233	7	हैं	0.00567	244.57055928758768
2233	8	।	0.00391	218.64204918486348
2241	1	ह्म	0.08689	101.0
2241	2	ह्म	0.01347	123.30855296529043
2241	3	।	0.00414	197.78527964379387
2249	1	तो	0.36147	51.0
2249	2	।	1.03579	224.30855296529046
2257	1	और	0.02435	51.0
2257	2	क्या	0.74488	224.30855296529046
2257	3	बता	0.29188	123.30855296529046
2257	4	रहा	0.01510	123.30855296529046
2257	5	अम	0.79188	244.5705592875878
2257	6	।	0.05575	280.16209745749734
2265	1	तो	0.36147	51.0
2265	2	तुम्हारा	0.16219	51.0
2265	3	बच्चा	0.65618	51.0
2265	4	कब	0.61356	51.0
2265	5	होने	0.22012	717.5967190957491
2265	6	वाला	0.00421	123.30855296529046
2265	7	है	0.00657	244.57055928758768
2265	8	।	0.00420	218.64204918486348
2273	1	ट्राए	0.64103	101.0
2273	2	तो	0.01023	123.30855296529043
2273	3	रोज	0.94695	197.78527964379387
2273	4	करते	0.20914	215.17868526501138
2273	5	हैं	0.00993	123.30855296529046
2273	6	।	0.02301	289.9374230431098
2281	1	[laughter]	0.86480	101.0
2281	2	।	0.00914	123.30855296529043
2289	1	[laughter]	0.86480	101.0
2289	2	।	0.00914	123.30855296529043
2297	1	[laughter]	0.86480	101.0
2297	2	।	0.00914	123.30855296529043
2305	1	अम	0.60786	51.0
2305	2	और	0.34261	51.0
2305	3	क्या	0.82500	372.1980044095982
2305	4	बताएँ	0.29902	123.30855296529046
2305	5	।	0.05427	197.78527964379384
2313	1	ए_आ	0.64106	51.0
2313	2	हर	0.52398	51.0
2313	3	रोज	1.22227	322.1980044095982
2313	4	ट्राए	0.55973	51.0
2313	5	करने	0.22941	372.1980044095982
2313	6	से	0.00146	123.30855296529046
2313	7	नहीं	0.12893	197.78527964379384
2313	8	होगा	0.07064	279.35737053002276
2313	9	समझे	0.34125	123.30855296529035
2313	10	।	0.07386	293.39122177671766
2321	1	थोड़ा	0.43071	51.0
2321	2	सा	0.19328	123.30855296529043
2321	3	गैप	1.60733	248.78527964379387
2321	4	दिया	0.17807	224.30855296529046
2321	5	करो	0.00337	123.30855296529046
2321	6	।	0.00320	197.78527964379384
2329	1	[incomprehensible]	0.89742	51.0
2329	2	।	0.95973	224.30855296529046
2337	1	ओए	0.87088	101.0
2337	2	ओए	0.03557	123.30855296529043
2337	3	ये	0.76075	101.00000000000003
2337	4	रिकॉर्डिंग	0.45962	286.6769064203154
2337	5	हो	0.22442	228.2781763092769
2337	6	रही	0.00914	123.30855296529046
2337	7	है	0.00861	244.57055928758768
2337	8	।	0.08468	311.80293699034814
2345	1	बाद	0.72600	51.0
2345	2	में	0.09195	123.30855296529043
2345	3	बा	0.22818	101.00000000000003
2345	4	बात	0.60031	174.30855296529046
2345	5	करना	0.22116	400.07994210601623
2345	6	।	0.00293	123.30855296529046
2353	1	[laughter]	0.86480	101.0
2353	2	।	0.00914	123.30855296529043
2361	1	अ	0.08929	51.0
2361	2	और_मैं_क्या	0.78219	196.61710593058083
2361	3	और_एनिवन	0.87270	50.99999999999997
2361	4	अह	1.39630	241.23421186116173
2361	5	आयोवा	1.13586	732.7621030538076
2361	6	सिटी	1.32566	224.30855296529035
2361	7	के	0.00068	123.30855296529035
2361	8	बंदों	0.92021	101.0
2361	9	से	0.03041	145.61710593058092
2361	10	मिलते	0.11738	378.90079314436457
2361	11	हो	0.02256	123.30855296529035
2361	12	कि	0.31352	101.0
2361	13	वहाँ	0.14128	51.0
2361	14	पर	0.05469	167.9256588958715
2361	15	ये	0.05036	101.0
2361	16	लोग	0.90703	196.6171059305807
2361	17	हैं	0.73623	145.6171059305807
2361	18	ना	0.81067	200.05665267703762
2361	19	क्या	0.22694	101.0
2361	20	नाम	2.24603	1022.4881837107282
2361	21	है	0.48267	167.9256588958715
2361	22	उस	0.45026	101.0
2361	23	का	0.02096	190.23421186116138
2361	24	[anonymized]	0.55948	101.0
2361	25	।	0.44854	123.3085529652908
2368	1	[anonymized]	0.92047	101.0
2368	2	से	0.00099	123.30855296529043
2368	3	मिलता	0.16872	197.78527964379387
2368	4	हूँ	0.01247	123.30855296529046
2368	5	कभी	1.35418	197.78527964379384
2368	6	कभी	1.84898	279.35737053002276
2368	7	।	0.03072	303.3043455205693
2376	1	और	0.02435	51.0
2376	2	कौन	0.85399	224.30855296529046
2376	3	है	0.00987	123.30855296529046
2376	4	।	0.01105	197.78527964379384
2384	1	वो	0.25433	51.0
2384	2	था	1.16971	224.30855296529046
2384	3	एक	0.71567	123.30855296529046
2384	4	[anonymized]	0.25326	197.78527964379384
2384	5	।	0.62440	215.17868526501138
2392	1	और	0.91841	101.0
2392	2	।	0.01057	123.30855296529043
2400	1	आशित	0.65238	51.0
2400	2	[anonymized]	1.16383	224.30855296529046
2400	3	।	0.01125	123.30855296529046
2407	1	उस	0.22294	51.0
2407	2	से	0.02420	123.30855296529043
2407	3	तो	0.07777	197.78527964379387
2407	4	नहीं	0.54599	101.0
2407	5	मिला	0.13305	401.59651245883254
2407	6	मैं	0.93754	145.6171059305808
2407	7	।	0.00790	200.05665267703762
2415	1	और	0.02435	51.0
2415	2	कौन	0.85399	224.30855296529046
2415	3	है	0.00987	123.30855296529046
2415	4	।	0.01105	197.78527964379384
2422	1	अरे	0.89801	101.0
2422	2	वो	0.90878	145.61710593058083
2422	3	हुआ	0.20625	200.0566526770377
2422	4	करता	0.02684	123.30855296529046
2422	5	है	0.01597	244.5705592875878
2422	6	ना	0.54369	218.64204918486348
2422	7	।	0.01756	303.8110086996728
2430	1	कौन	0.70143	101.0
2430	2	[anonymized]	0.20577	123.30855296529043
2430	3	।	0.01125	197.78527964379387
2438	1	क्या	0.65753	101.0
2438	2	नाम	0.82145	51.0
2438	3	था	1.00631	271.1980044095982
2438	4	उस	0.98704	101.0
2438	5	का	0.02384	123.30855296529046
2438	6	।	0.58412	197.78527964379384
2446	1	बिनोज	0.72029	51.0
2446	2	।	0.37406	123.30855296529043
2454	1	ओह	0.91153	51.0
2454	2	बिनोज	1.04381	224.30855296529046
2454	3	।	0.01029	123.30855296529046
2462	1	उस	0.22294	51.0
2462	2	को	0.02267	123.30855296529043
2462	3	कॉल	1.05671	298.78527964379384
2462	4	किया	0.15966	123.30855296529046
2462	5	मैं	2.17750	101.0
2462	6	ने	0.03622	145.6171059305808
2462	7	[pause]	0.06799	101.0
2462	8	बहुत	0.63472	51.0
2462	9	पहले	1.48698	322.19800440959807
2462	10	।	0.52344	123.30855296529035
2470	1	उस	0.22294	51.0
2470	2	का	0.02017	123.30855296529043
2470	3	बच्चा	0.77397	101.00000000000003
2470	4	हो	0.14934	387.6769064203154
2470	5	गया	0.00332	123.30855296529046
2470	6	।	0.00323	197.78527964379384
2478	1	हाँ	0.18068	101.0
2478	2	।	0.00491	123.30855296529043
2486	1	और	0.07862	51.0
2486	2	[pause]	0.10322	51.0
2486	3	थोड़ा	0.75564	196.6171059305808
2486	4	सा	0.48367	123.30855296529046
2486	5	बिज़ी	0.58495	101.0
2486	6	है	0.77483	123.30855296529046
2486	7	बच्चे	2.36212	555.0179756662768
2486	8	के	0.02305	123.30855296529035
2486	9	साथ	0.18350	197.78527964379396
2486	10	।	0.39209	215.17868526501138
2493	1	अभी	0.21418	51.0
2493	2	तो	0.11941	123.30855296529043
2493	3	मिला	0.22350	298.78527964379384
2493	4	नहीं	0.13444	123.30855296529046
2493	5	उस	0.50326	244.5705592875878
2493	6	से	0.00979	123.30855296529046
2493	7	।	0.02468	280.16209745749745
2501	1	मिलना	0.28874	101.0
2501	2	चाहिए	0.00381	123.30855296529043
2501	3	एक्चुअली	0.51137	197.78527964379387
2501	4	[incomprehensible]	0.51734	215.17868526501138
2501	5	।	0.00521	229.858571896822
2509	1	बि	0.14697	51.0
2509	2	बिनोज	0.86340	174.30855296529043
2509	3	ने	0.05084	123.30855296529043
2509	4	तो	0.21885	197.7852796437939
2509	5	उस	0.07263	101.0
2509	6	लड़की	0.89324	174.30855296529046
2509	7	से	0.03355	145.6171059305808
2509	8	शादी	0.83975	100.99999999999989
2509	9	कर	0.27029	597.8150664933844
2509	10	ली	0.00362	123.30855296529035
2509	11	थी	0.00462	244.57055928758768
2509	12	ना	0.02995	218.64204918486348
2509	13	।	0.00311	232.9085707450413
2517	1	शैनन	0.72029	51.0
2517	2	याह	0.44391	224.30855296529046
2517	3	।	0.04258	123.30855296529046
2525	1	शैनन	0.72029	51.0
2525	2	से	0.05145	123.30855296529043
2525	3	।	0.37406	197.78527964379387
2533	1	ह्म	0.08689	101.0
2533	2	।	0.00378	123.30855296529043
2541	1	और	0.91841	101.0
2541	2	।	0.01057	123.30855296529043
2549	1	और	0.07862	51.0
2549	2	अभिजीत	0.43302	51.0
2549	3	कोई	0.32441	51.0
2549	4	और	0.17728	51.0
2549	5	मोटी	2.16510	322.1980044095982
2549	6	से	0.14425	123.30855296529046
2549	7	शादी	1.90509	437.9353056310988
2549	8	कर	0.24097	434.00456895635966
2549	9	लिया	0.00359	123.30855296529035
2549	10	।	0.00282	197.78527964379373
2557	1	लेकिन	0.03783	51.0
2557	2	लेकिन	0.42798	51.0
2557	3	मतलब	0.15826	51.0
2557	4	ये_तो	0.04061	51.0
2557	5	शैनन	0.30035	174.30855296529046
2557	6	तो	0.18973	123.30855296529046
2557	7	अभिजीत	1.09829	101.0
2557	8	की	0.04636	123.30855296529046
2557	9	भी	0.11914	244.5705592875878
2557	10	पत्नी	2.13359	628.7575311732646
2557	11	रह	0.31342	935.232990991416
2557	12	चुकी	0.00384	123.30855296529035
2557	13	कुछ	0.67142	101.0
2557	14	समय	0.31597	466.2243503859918
2557	15	के	0.00743	145.6171059305807
2557	16	लिए	0.01768	298.1699580311133
2557	17	ना	0.31358	223.9121166657519
2557	18	।	0.02894	322.35685899780265
2565	1	हैं	0.04806	101.0
2565	2	।	0.00374	123.30855296529043
2573	1	याह	0.49229	101.0
2573	2	हाँ	0.11894	123.30855296529043
2573	3	हाँ	0.03994	197.78527964379387
2573	4	।	0.00508	215.17868526501138
2581	1	बड़ा	0.44836	51.0
2581	2	ही	0.09520	123.30855296529043
2581	3	कॉम्प्लिकेटेड	1.06998	101.00000000000003
2581	4	मेस	1.55845	387.6769064203154
2581	5	है	0.00518	123.30855296529046
2581	6	।	0.00757	197.78527964379384
2589	1	हाँ	0.18068	101.0
2589	2	।	0.00491	123.30855296529043
2596	1	[laughter]	0.86480	101.0
2596	2	अभी	0.76303	51.0
2596	3	कॉम्प्लिकेटेड	0.55314	51.0
2596	4	कुछ	1.01548	51.0
2596	5	नहीं	0.74928	51.0
2596	6	है	1.64192	271.1980044095982
2596	7	।	0.57214	215.2625742078709
2604	1	सिम्पल	0.85102	51.0
2604	2	है	0.38587	123.30855296529043
2604	3	।	0.31978	197.78527964379387
2612	1	वो	0.25433	51.0
2612	2	बिनोज	0.18129	51.0
2612	3	की	0.04199	123.30855296529043
2612	4	बीवी	1.00114	101.00000000000003
2612	5	है	0.46491	123.30855296529046
2612	6	और	0.20680	101.0
2612	7	बच्चे	0.74860	51.0
2612	8	हैं	0.69016	145.6171059305808
2612	9	।	0.38395	200.05665267703773
2620	1	बस	0.65789	101.0
2620	2	।	0.01057	123.30855296529043
2628	1	[incomprehensible]	0.89742	51.0
2628	2	।	0.95973	224.30855296529046
2636	1	अच्छा	0.23211	101.0
2636	2	अब	0.61357	123.30855296529043
2636	3	कुछ	1.29258	244.57055928758777
2636	4	और	1.52597	101.00000000000006
2636	5	पंगा	0.23657	303.53226115463497
2636	6	नहीं	0.68258	123.30855296529046
2636	7	है	0.20186	197.78527964379396
2636	8	।	0.02040	311.2007808144649
2644	1	नहीं	0.76841	51.0
2644	2	।	1.15702	224.30855296529046
2652	1	और	0.02435	51.0
2652	2	कुछ	0.87743	51.0
2652	3	नहीं	0.48688	51.0
2652	4	।	1.49490	271.1980044095982
2660	1	और	0.07862	51.0
2660	2	वहाँ	0.26713	51.0
2660	3	कौ	0.07362	51.0
2660	4	ऐसा	0.68318	196.6171059305808
2660	5	कौन	1.19545	174.30855296529046
2660	6	है	0.49359	123.30855296529046
2660	7	जिसे	0.71853	101.0
2660	8	हम	0.41454	51.0
2660	9	जानते	0.41611	1401.326956671052
2660	10	हों	0.00202	123.30855296529035
2660	11	।	0.00370	197.78527964379373
2668	1	और	0.07862	51.0
2668	2	सब	0.34826	51.0
2668	3	का	0.03080	123.30855296529043
2668	4	नाम	0.75866	101.00000000000003
2668	5	बदनाम	0.61447	51.0
2668	6	करोगे	0.32865	740.3285442921045
2668	7	क्या	0.37616	123.30855296529035
2668	8	।	0.00753	197.78527964379373
2676	1	अभी	0.21418	51.0
2676	2	अपने	0.25764	51.0
2676	3	रिकॉर्डिंग	1.94285	174.30855296529046
2676	4	में	0.02226	123.30855296529046
2676	5	भेज	0.21864	476.1371691363822
2676	6	रहे	0.00370	123.30855296529046
2676	7	हो	0.00508	244.57055928758757
2676	8	पूरा	0.61017	218.64204918486348
2676	9	यूएस	0.60357	232.90857074504106
2676	10	में	0.08336	145.61710593058092
2676	11	।	0.01386	305.35842680518977
2684	1	नहीं	0.76841	51.0
2684	2	नहीं	0.19474	51.0
2684	3	ऐसे	0.37176	51.0
2684	4	कुछ	0.08093	51.0
2684	5	।	0.94101	123.30855296529046
2692	1	मालूम	0.67678	101.0
2692	2	नहीं	0.13494	123.30855296529043
2692	3	क्या	0.23738	197.78527964379387
2692	4	करेंगे	0.09604	215.17868526501138
2692	5	।	0.04266	229.858571896822
2700	1	अबे	0.22310	101.0
2700	2	15	0.69983	51.0
2700	3	मिनट	0.84726	271.1980044095982
2700	4	बोला	0.25134	215.2625742078709
2700	5	।	0.01929	229.93204528992976
2708	1	15	0.19235	51.0
2708	2	मिनट	0.99751	174.30855296529043
2708	3	हो	0.13090	224.30855296529043
2708	4	गया	0.00332	123.3085529652904
2708	5	होगा	0.00463	244.57055928758768
2708	6	।	0.00323	218.64204918486348
2716	1	वो	0.06652	51.0
2716	2	कम्प्यूटर	1.10738	174.30855296529043
2716	3	अपने	0.29875	51.00000000000003
2716	4	आप	0.73719	51.0
2716	5	बताएगा	0.24889	537.5364587679538
2716	6	नहीं	0.15560	123.30855296529046
2716	7	तो	0.42352	101.00000000000011
2716	8	हम	0.03822	51.0
2716	9	हम	0.75971	218.92565889587127
2716	10	तो	0.08496	123.30855296529035
2716	11	घंटे	0.66178	101.0
2716	12	भर	0.17223	145.61710593058092
2716	13	बात	2.16605	701.474818513771
2716	14	करेंगे	0.20602	879.4943738350858
2716	15	।	0.07762	308.62551551287197
2724	1	[laughter]	0.86480	101.0
2724	2	।	0.00914	123.30855296529043
2732	1	[noise]	0.17078	51.0
2732	2	सिन्स_दे_आर_पेयिंग_फ़ॉर_इट	1.01457	174.30855296529043
2732	3	।	1.00428	224.30855296529043
2740	1	सो	0.86052	101.0
2740	2	।	0.00398	123.30855296529043
2748	1	हाँ	0.18068	101.0
2748	2	।	0.00491	123.30855296529043
2756	1	इस	0.28271	51.0
2756	2	से	0.02749	123.30855296529043
2756	3	मिला	0.22894	298.78527964379384
2756	4	मैं	0.98753	51.0
2756	5	अम	0.07796	51.0
2756	6	[pause]	0.68253	51.0
2756	7	[anonymized]	0.41130	322.1980044095982
2756	8	है	0.56003	145.6171059305808
2756	9	यहाँ	0.66155	101.0
2756	10	पर	0.05042	145.61710593058092
2756	11	।	0.63465	200.05665267703785
2764	1	[anonymized]	0.92047	101.0
2764	2	।	0.00356	123.30855296529043
2772	1	पता	0.66611	101.0
2772	2	नहीं	0.34850	123.30855296529043
2772	3	तुम्हें	0.96850	101.00000000000003
2772	4	याद	1.32516	374.7967344714443
2772	5	है	0.59727	123.30855296529046
2772	6	कि	0.52493	151.0
2772	7	नहीं	0.12154	51.0
2772	8	।	2.13802	482.4920170874482
2780	1	और	0.91841	101.0
2780	2	अह	0.85675	123.30855296529043
2780	3	।	0.01533	197.78527964379387
2788	1	[anonymized]	0.92047	101.0
2788	2	क्या	0.64741	123.30855296529043
2788	3	किस	0.34817	244.57055928758777
2788	4	।	0.00517	218.64204918486354
2796	1	किस	0.77261	51.0
2796	2	किस	1.46217	196.61710593058083
2796	3	डिपार्टमेंट	1.08777	224.30855296529043
2796	4	का	0.00047	123.30855296529046
2796	5	था	0.01021	197.78527964379384
2796	6	।	0.00789	215.17868526501138
2804	1	[anonymized]	0.28062	51.0
2804	2	इंडस्ट्रियल	1.03351	51.0
2804	3	इंजीनियरिंग	1.61706	372.1980044095982
2804	4	का	0.00044	123.30855296529046
2804	5	था	0.00959	197.78527964379384
2804	6	।	0.00678	215.17868526501138
2812	1	पता	0.66611	101.0
2812	2	नहीं	0.34850	123.30855296529043
2812	3	तुम्हें	0.96850	101.00000000000003
2812	4	याद	1.32516	374.7967344714443
2812	5	है	0.59727	123.30855296529046
2812	6	कि	0.52493	151.0
2812	7	नहीं	0.12154	51.0
2812	8	।	2.13802	482.4920170874482
2820	1	और	0.02435	51.0
2820	2	कौन	0.85399	224.30855296529046
2820	3	है	0.00987	123.30855296529046
2820	4	यहाँ	0.73575	197.78527964379384
2820	5	पर	0.07080	123.30855296529046
2820	6	।	0.01475	277.2239758756273
2828	1	और	0.02435	51.0
2828	2	बहुत	0.21071	51.0
2828	3	लोग	1.20991	322.1980044095982
2828	4	हैं	0.55279	123.30855296529046
2828	5	एक्चुअली	0.13295	101.0
2828	6	आयोवा	1.41832	174.30855296529046
2828	7	से	0.05181	123.30855296529046
2828	8	।	0.40963	197.78527964379396
2836	1	तुम्हें	0.23425	51.0
2836	2	पता	0.64186	51.0
2836	3	नहीं	0.37690	51.0
2836	4	[incomprehensible]	1.28641	537.5364587679538
2836	5	।	0.03008	123.30855296529046
2844	1	अरे	0.40570	101.0
2844	2	तुम्हारे	0.73255	123.30855296529043
2844	3	वहाँ	1.29702	51.00000000000003
2844	4	तो	0.07935	123.30855296529046
2844	5	भूकंप	0.76652	101.0
2844	6	आए	0.67135	465.0181942237117
2844	7	करते	0.02178	123.30855296529046
2844	8	हैं	0.01550	244.57055928758768
2844	9	तमाम	1.82219	151.0
2844	10	सारे	0.53332	51.0
2844	11	ना	1.17212	123.30855296529035
2844	12	।	1.89570	363.03994412619136
2852	1	तो	0.36147	51.0
2852	2	क्या	0.39424	51.0
2852	3	हुआ	0.14627	372.1980044095982
2852	4	।	0.00425	123.30855296529046
2860	1	ह्म	0.08689	101.0
2860	2	।	0.00378	123.30855296529043
2868	1	तुम्हारी	0.30562	51.0
2868	2	कार	0.66048	51.0
2868	3	का	0.02173	123.30855296529043
2868	4	बल्ब	0.99389	101.00000000000003
2868	5	ही	0.08005	123.30855296529046
2868	6	निकल	0.24077	666.7813617354257
2868	7	के	0.00132	145.61710593058092
2868	8	गिर	0.08338	249.11330535407546
2868	9	गया	0.00886	123.30855296529035
2868	10	।	0.06827	281.80012237713436
2876	1	हाँ	0.18068	101.0
2876	2	।	0.00491	123.30855296529043
2884	1	कार	0.34340	51.0
2884	2	चलाते	0.33052	224.30855296529046
2884	3	चले	0.07752	145.6171059305808
2884	4	जा	0.07611	167.92565889587127
2884	5	रहे	0.16005	202.22741407101307
2884	6	थे	0.01337	286.6117506720441
2884	7	कार	1.17242	322.9822114048968
2884	8	कि	1.27375	101.0
2884	9	उस	0.09114	51.0
2884	10	का	0.02312	123.30855296529035
2884	11	बल्ब	0.62415	101.0
2884	12	निकल	0.29783	1752.3668757785688
2884	13	के	0.00428	145.6171059305807
2884	14	गिर	1.20952	1188.2321411425773
2884	15	गया	0.00886	167.9256588958715
2884	16	।	0.06886	419.81955562247094
2892	1	ठीक	0.37229	101.0
2892	2	है	0.00345	123.30855296529043
2892	3	।	0.00192	197.78527964379387
2900	1	वो	0.25433	51.0
2900	2	इंश्योरेंस	0.48035	51.0
2900	3	कवर	1.25855	445.92912833426476
2900	4	कर	0.11360	123.30855296529046
2900	5	लेगा	0.01809	123.30855296529046
2900	6	।	0.02260	263.2900734249913
2908	1	तुम्हारे	0.24097	51.0
2908	2	जैसे	0.05802	123.30855296529043
2908	3	उतना	0.08748	101.00000000000003
2908	4	ठंड	2.03063	337.6769064203154
2908	5	तो	0.12812	123.30855296529046
2908	6	नहीं	0.37540	101.0
2908	7	रहेगा	0.12052	387.6769064203154
2908	8	यहाँ	0.39300	145.61710593058092
2908	9	पर	0.06601	145.61710593058092
2908	10	।	0.00786	266.6919995764008
2916	1	[incomprehensible]	0.89742	51.0
2916	2	।	0.95973	224.30855296529046
2924	1	याह	0.49229	101.0
2924	2	स्नो	0.80576	51.0
2924	3	स्लीट	1.36984	344.92912833426476
2924	4	आइस	0.65714	220.63595565027288
2924	5	।	0.00761	234.67909255821985
2932	1	कैलिफ़ोर्निया	0.72029	51.0
2932	2	में	0.04389	123.30855296529043
2932	3	।	0.37406	197.78527964379387
2940	1	ह्म	0.08689	101.0
2940	2	।	0.00378	123.30855296529043
2948	1	अम	0.60786	51.0
2948	2	।	0.88649	224.30855296529046
2956	1	एनीवे	0.69503	51.0
2956	2	तुम	0.18439	51.0
2956	3	मतलब_डिड	0.11922	51.0
2956	4	अह	0.87611	174.30855296529046
2956	5	कहीं	0.60007	196.6171059305808
2956	6	घूमने	0.29969	592.2841460839429
2956	7	गए	0.08523	145.61710593058092
2956	8	हो	0.01645	123.30855296529035
2956	9	कैलिफ़ोर्निया	1.20212	197.78527964379396
2956	10	में	0.01304	123.30855296529035
2956	11	कि	1.26249	151.0
2956	12	अभी	0.06475	51.0
2956	13	काम	0.38889	51.0
2956	14	ही	0.07308	123.30855296529035
2956	15	पे	0.18753	197.78527964379373
2956	16	लगे	0.35032	1666.8544541041383
2956	17	रहते	0.00807	145.6171059305807
2956	18	हो	0.01051	298.1699580311133
2956	19	।	0.08080	435.1666045071106
2964	1	अह	0.10081	51.0
2964	2	योसेमिटी	0.86145	174.30855296529043
2964	3	गए	0.20181	224.30855296529043
2964	4	थे	0.00398	123.3085529652904
2964	5	।	0.00603	197.78527964379384
2972	1	अह	0.25153	51.0
2972	2	और	0.80451	51.0
2972	3	।	1.85910	372.1980044095982
2980	1	तुम	0.20430	51.0
2980	2	तो	0.10101	123.30855296529043
2980	3	बैकपैकिंग	0.61348	101.00000000000003
2980	4	करते	0.19653	387.6769064203154
2980	5	हो	0.00256	123.30855296529046
2980	6	ना	0.11384	197.78527964379384
2980	7	तुम	0.48895	215.1786852650115
2980	8	बोल	0.11349	308.717143793644
2980	9	रहे	0.00722	145.61710593058092
2980	10	थे	0.00875	298.1699580311133
2980	11	।	0.05560	319.531529162417
2988	1	हाँ	0.18068	101.0
2988	2	।	0.00491	123.30855296529043
2996	1	बैकपैकिंग	0.85102	51.0
2996	2	वगैरह	0.79254	123.30855296529043
2996	3	।	0.31984	197.78527964379387
3004	1	हाँ	0.18068	101.0
3004	2	।	0.00491	123.30855296529043
3012	1	हाइकिंग	0.49103	51.0
3012	2	के	0.02030	123.30855296529043
3012	3	लिए	0.04245	244.5705592875877
3012	4	जाता	0.15805	319.6420491848635
3012	5	हूँ	0.00292	123.30855296529046
3012	6	।	0.00436	197.78527964379396
3020	1	बाइकिंग	0.21721	51.0
3020	2	हाइकिंग	1.50375	174.30855296529043
3020	3	सब	0.55899	51.00000000000003
3020	4	के	0.01939	123.30855296529046
3020	5	लिए	0.03938	244.57055928758768
3020	6	जाता	0.19521	502.6101663213178
3020	7	हूँ	0.00292	123.30855296529035
3020	8	।	0.00436	197.78527964379396
3028	1	योसेमिटी	0.16879	51.0
3028	2	पार्क	1.23981	224.30855296529046
3028	3	।	0.01029	123.30855296529046
3036	1	ह्म	0.08689	101.0
3036	2	।	0.00378	123.30855296529043
3044	1	कैसा	0.71740	101.0
3044	2	है	0.00983	123.30855296529043
3044	3	।	0.00477	197.78527964379387
3052	1	बहुत	0.22789	51.0
3052	2	अच्छा	0.58054	224.30855296529046
3052	3	है	0.00374	123.30855296529046
3052	4	।	0.00789	197.78527964379384
3060	1	बहुत	0.22789	51.0
3060	2	सुंदर	1.13584	224.30855296529046
3060	3	है	0.00344	123.30855296529046
3060	4	।	0.00768	197.78527964379384
3068	1	और	0.07862	51.0
3068	2	ये	0.07359	51.0
3068	3	ग्रैंड	0.83115	51.0
3068	4	कैनियन	1.60639	322.1980044095982
3068	5	।	0.41738	123.30855296529046
3076	1	ग्रैंड	0.16879	51.0
3076	2	कैनियन	1.80507	174.30855296529043
3076	3	नहीं	0.38676	51.00000000000003
3076	4	गया	0.12648	372.1980044095982
3076	5	।	0.00417	123.30855296529046
3084	1	वो	0.25433	51.0
3084	2	यश	0.18129	51.0
3084	3	के	0.03360	123.30855296529043
3084	4	साथ	0.24361	197.78527964379387
3084	5	जाऊँगा	0.27716	496.09910484705836
3084	6	।	0.00395	123.30855296529046
3092	1	जब	0.24000	51.0
3092	2	वो	0.24456	51.0
3092	3	आएगा	0.25165	372.1980044095982
3092	4	यहाँ	0.32474	167.92565889587127
3092	5	पर	0.06601	123.30855296529046
3092	6	।	0.00726	266.69199957640103
3100	1	तो	0.36147	51.0
3100	2	मतलब	0.12762	51.0
3100	3	कुछ	0.03739	51.0
3100	4	दिन	0.59095	196.6171059305808
3100	5	की	0.02540	123.30855296529046
3100	6	छुट्टी	0.95368	101.0
3100	7	उस	0.41075	51.0
3100	8	के	0.01430	145.6171059305808
3100	9	संग	0.13726	200.05665267703773
3100	10	बिताओगे	0.40378	1158.9668219653327
3100	11	ज़रूर	0.45271	123.30855296529035
3100	12	हाँ	0.08169	244.5705592875879
3100	13	।	0.00562	218.64204918486348
3108	1	हाँ	0.18068	101.0
3108	2	।	0.00491	123.30855296529043
3116	1	अच्छा	0.23211	101.0
3116	2	अच्छा	0.05976	145.61710593058083
3116	3	।	0.01044	200.0566526770377
3124	1	हाँ_लेकिन_यहाँ_मतलब	0.35864	51.0
3124	2	।	0.86197	224.30855296529046
3132	1	अह	0.10081	51.0
3132	2	ओह_आइम_श्योर_ही_वुड_गो_टू_बॉस्टन_ऑल्सो_ड्राइविंग	0.92889	174.30855296529043
3132	3	।	1.00428	224.30855296529043
3140	1	वो	0.25433	51.0
3140	2	उस	0.21099	51.0
3140	3	का	0.01862	123.30855296529043
3140	4	पता	0.93545	101.00000000000003
3140	5	नहीं	0.29935	51.0
3140	6	उस	0.39625	51.0
3140	7	का	0.02002	145.6171059305808
3140	8	दिमाग	0.82706	101.0
3140	9	ठीक	1.09548	51.0
3140	10	है	0.48338	123.30855296529046
3140	11	या	0.57757	101.0
3140	12	नहीं	0.26535	51.0
3140	13	।	2.28899	448.5565505270109
3148	1	पता	0.66611	101.0
3148	2	नहीं	0.34850	123.30855296529043
3148	3	।	0.00444	197.78527964379387
3156	1	मैं	0.05670	51.0
3156	2	उस	0.94746	196.61710593058083
3156	3	को	0.01726	123.30855296529043
3156	4	ईमेल	0.54388	101.0
3156	5	भेज	0.22857	387.6769064203154
3156	6	कर	0.00367	123.30855296529046
3156	7	पूछना	0.08224	244.5705592875878
3156	8	है	0.00360	145.61710593058092
3156	9	उस	0.96677	298.1699580311133
3156	10	का	0.00948	145.61710593058092
3156	11	प्लान	1.56859	371.00071050616884
3156	12	क्या	1.87324	252.771658726243
3156	13	है	1.01414	490.73040938704344
3156	14	।	0.04415	348.27707326188556
3164	1	पूरा	0.70651	101.0
3164	2	ड्राइव	0.27475	123.30855296529043
3164	3	करेगा	0.52131	197.78527964379387
3164	4	तो	0.52035	51.0
3164	5	उस_का	0.06390	51.0
3164	6	अह	0.50678	51.0
3164	7	मर	0.50511	861.8700163437663
3164	8	जाएगा	0.00795	123.30855296529035
3164	9	बे	0.86552	378.28463667851247
3164	10	वो	0.59009	426.0778368088613
3164	11	।	0.01311	454.8074040476472
3172	1	वो	0.25433	51.0
3172	2	भी	0.06722	123.30855296529043
3172	3	विंटर	0.47189	101.00000000000003
3172	4	में	0.02538	123.30855296529046
3172	5	अकेले	0.64061	101.0
3172	6	।	0.54529	123.30855296529046
3180	1	हाँ	0.90504	101.0
3180	2	काफ़ी_लम_बहुत	0.87634	51.0
3180	3	पूरा	1.30584	271.1980044095982
3180	4	यूएसए	1.00857	101.0
3180	5	घूम	0.20388	300.6670990827032
3180	6	लेगा	0.04930	123.30855296529046
3180	7	इस	1.67545	150.9999999999999
3180	8	का	0.02592	123.30855296529035
3180	9	मतलब	0.57457	101.0
3180	10	ना	0.52731	51.0
3180	11	।	0.88308	123.30855296529035
3188	1	अगर	0.04549	51.0
3188	2	तुम्हारे	0.09969	51.0
3188	3	उधर	0.27479	123.30855296529043
3188	4	आया	0.31243	464.0399441261915
3188	5	और	0.56165	51.0
3188	6	पूरा	0.82630	51.0
3188	7	बॉस्टन	1.91690	174.30855296529046
3188	8	तक	0.08137	123.30855296529046
3188	9	चला	0.17297	798.1880799069245
3188	10	गया	0.00843	123.30855296529035
3188	11	।	0.07514	320.8552316854514
3196	1	हाँ	0.40725	101.0
3196	2	[incomprehensible]	0.44578	123.30855296529043
3196	3	।	0.01087	197.78527964379387
3204	1	हाँ	0.18068	101.0
3204	2	।	0.00491	123.30855296529043
3212	1	तब	0.30638	51.0
3212	2	तो	0.10060	123.30855296529043
3212	3	पूरा	0.42591	101.00000000000003
3212	4	यूएस	1.05538	174.30855296529046
3212	5	घूम	0.25107	400.07994210601623
3212	6	लिया	0.00534	123.30855296529046
3212	7	और	0.46423	100.99999999999989
3212	8	वो	0.33137	51.0
3212	9	भी	0.08036	145.61710593058092
3212	10	विंटर	0.41469	101.0
3212	11	में	0.02538	123.30855296529035
3212	12	।	0.38168	197.78527964379396
3220	1	क्रॉस	0.20673	51.0
3220	2	कंट्री	0.91130	224.30855296529046
3220	3	हो	0.14284	123.30855296529046
3220	4	गया	0.03869	123.30855296529046
3220	5	।	0.01654	263.2900734249914
3228	1	अम	0.54863	51.0
3228	2	हालत	0.57785	174.30855296529043
3228	3	खराब	0.39529	51.00000000000003
3228	4	हो_गया_है	1.66856	174.30855296529046
3228	5	हो	0.26128	387.7550883222742
3228	6	जाएगा	0.00476	123.30855296529046
3228	7	उस	0.67642	197.78527964379396
3228	8	का	0.00948	123.30855296529035
3228	9	।	0.01889	277.2239758756273
3236	1	ह्म	0.08689	101.0
3236	2	।	0.00378	123.30855296529043
3244	1	और	0.07862	51.0
3244	2	तुम्हारा	0.24254	51.0
3244	3	ड्य	0.08209	51.0
3244	4	इंडिया	0.29559	174.30855296529046
3244	5	जाने	0.29669	566.1643641504118
3244	6	का	0.00177	123.30855296529046
3244	7	क्या	0.93201	101.0
3244	8	प्लान	0.28525	286.67690642031516
3244	9	है	0.19457	145.61710593058092
3244	10	अब	1.54479	378.5477419755939
3244	11	।	0.00944	256.29414149400645
3252	1	अभी	0.21418	51.0
3252	2	नहीं	0.35469	51.0
3252	3	जा	0.12622	372.1980044095982
3252	4	रहे	0.00361	123.30855296529046
3252	5	।	0.00397	197.78527964379384
3259	1	इस	0.07449	51.0
3259	2	साल	0.88032	174.30855296529043
3259	3	नहीं	0.28137	51.00000000000003
3259	4	जा	0.12751	372.1980044095982
3259	5	रहे	0.00361	123.30855296529046
3259	6	लगता	0.10976	244.5705592875878
3259	7	।	0.04853	218.64204918486348
3267	1	पता	0.66611	101.0
3267	2	नहीं	0.34850	123.30855296529043
3267	3	।	0.00444	197.78527964379387
3275	1	जाऊँगा	0.27803	101.0
3275	2	नहीं	0.16025	123.30855296529043
3275	3	जाऊँगा	0.06596	197.78527964379387
3275	4	पता	0.58497	215.17868526501138
3275	5	नहीं	0.97543	145.6171059305808
3275	6	।	0.01655	291.1529699903259
3283	1	फ़ैमिली	0.20673	51.0
3283	2	वैमिली	0.91130	224.30855296529046
3283	3	के	0.00049	123.30855296529046
3283	4	मेंबर	0.73504	197.78527964379384
3283	5	को	0.03167	145.6171059305808
3283	6	बुलाने	0.23154	278.63882584645216
3283	7	के	0.02851	167.92565889587127
3283	8	मूड	2.20846	404.8183705085569
3283	9	में	0.02854	190.2342118611616
3283	10	हो	0.18150	455.49686100201893
3283	11	क्या	1.58534	292.94755740602204
3283	12	।	0.00924	302.6831205738308
3291	1	हाँ	0.18068	101.0
3291	2	।	0.00491	123.30855296529043
3299	1	एक्चुअली	0.16750	51.0
3299	2	[pause]	0.28987	51.0
3299	3	सोच	0.44547	372.1980044095982
3299	4	रहा	0.00342	123.30855296529046
3299	5	हूँ	0.00522	244.57055928758768
3299	6	।	0.00398	218.64204918486348
3307	1	क्योंकि	0.03898	51.0
3307	2	अह	0.07725	51.0
3307	3	मेरी	0.51470	174.30855296529046
3307	4	मम्मी	0.76573	51.0
3307	5	ऑस्ट्रेलिया	0.79621	51.0
3307	6	जाएगी	0.33693	727.7074960190797
3307	7	तो	0.32341	51.0
3307	8	वहाँ	0.13632	51.0
3307	9	से	0.03297	123.30855296529035
3307	10	ले	0.35935	753.9291389542955
3307	11	आने	0.01163	123.30855296529035
3307	12	के	0.06899	244.5705592875879
3307	13	लिए	0.02022	353.92614755459044
3307	14	सोच	0.92304	604.3045250155978
3307	15	रहा	0.00887	145.6171059305807
3307	16	हूँ	0.00880	298.1699580311133
3307	17	।	0.07053	369.22687818596023
3315	1	पेरेंट्स	0.82343	51.0
3315	2	।	0.31694	123.30855296529043
3323	1	तुम्हारी	0.30562	51.0
3323	2	अम्मा	0.69776	51.0
3323	3	जी	1.07298	51.0
3323	4	ऑस्ट्रेलिया	2.24303	322.1980044095982
3323	5	क्यों	0.80361	51.0
3323	6	जा	0.20741	561.4091254944095
3323	7	रही	0.00371	123.30855296529035
3323	8	हैं	0.00537	244.57055928758768
3323	9	।	0.00454	218.64204918486348
3331	1	वो	0.25433	51.0
3331	2	अम्मा	0.48035	51.0
3331	3	जी	0.12779	123.30855296529043
3331	4	की	0.04584	197.78527964379387
3331	5	बड़ी	0.52540	101.0
3331	6	बहन	1.83129	453.02039475312586
3331	7	है	0.49656	123.30855296529035
3331	8	वहाँ	0.62696	101.0
3331	9	पर	0.04564	145.61710593058092
3331	10	।	0.57407	200.05665267703762
3339	1	आह	0.39476	101.0
3339	2	तो	0.00959	123.30855296529043
3339	3	तुम्हारे	0.86111	197.78527964379387
3339	4	पिता	1.17637	101.0
3339	5	जी	0.60002	123.30855296529046
3339	6	भी	0.10219	244.5705592875878
3339	7	कि	0.09501	101.0
3339	8	अम्मा	0.25246	51.0
3339	9	जी	0.88955	145.61710593058092
3339	10	अकेले	0.39009	101.0
3339	11	।	0.55942	123.30855296529035
3347	1	उन	0.25126	51.0
3347	2	के	0.02005	123.30855296529043
3347	3	साथ	0.17881	197.78527964379387
3347	4	जा	0.20823	316.1786852650114
3347	5	रहे	0.00333	123.30855296529046
3347	6	।	0.00403	197.78527964379384
3355	1	अम्मा	0.49103	51.0
3355	2	जी	0.77115	123.30855296529043
3355	3	अकेले	0.44974	101.00000000000003
3355	4	प्राबब्ली	1.71085	196.6171059305808
3355	5	।	0.52659	123.30855296529046
3363	1	पता	0.66611	101.0
3363	2	नहीं	0.34850	123.30855296529043
3363	3	।	0.00444	197.78527964379387
3371	1	अच्छा	0.23211	101.0
3371	2	अच्छा	0.05976	145.61710593058083
3371	3	।	0.01044	200.0566526770377
3379	1	तो	0.36147	51.0
3379	2	।	1.03579	224.30855296529046
3387	1	पिता	0.54107	51.0
3387	2	जी	0.76875	123.30855296529043
3387	3	भी	0.12136	197.78527964379387
3387	4	जाएँगे	0.15900	316.1786852650114
3387	5	।	0.00349	123.30855296529046
3394	1	हो	0.67893	101.0
3394	2	हो	0.05029	123.30855296529043
3394	3	सकता	0.55650	145.61710593058083
3394	4	है	0.20989	298.1699580311132
3394	5	पता	0.35812	284.71002098090173
3394	6	नहीं	0.97543	123.30855296529035
3394	7	।	0.01741	305.82805514441657
3402	1	कोई	0.07829	51.0
3402	2	प्लान	1.03313	174.30855296529043
3402	3	ठीक	0.81034	51.00000000000003
3402	4	से	0.18611	123.30855296529046
3402	5	नहीं	0.79987	101.0
3402	6	है	1.29999	286.6769064203154
3402	7	अभी	0.56648	101.0
3402	8	।	0.66681	123.30855296529046
3410	1	तो	0.36147	51.0
3410	2	इंडिया	0.24040	51.0
3410	3	से	0.05677	123.30855296529043
3410	4	तो	0.25497	197.78527964379387
3410	5	डायरेक्ट	0.26478	101.0
3410	6	फ़्लाइट	1.17860	174.30855296529046
3410	7	होंगी	0.23681	612.2798880137799
3410	8	ऑस्ट्रेलिया	0.38374	145.61710593058092
3410	9	तक	0.30463	145.61710593058092
3410	10	की	0.72768	332.38399915280183
3410	11	शायद	0.40121	235.0893383064756
3410	12	।	0.00408	247.77334846304393
3418	1	ह्म	0.40473	101.0
3418	2	सिंगापोर_वाया	0.29712	123.30855296529043
3418	3	।	0.00648	197.78527964379387
3426	1	तो	0.36147	51.0
3426	2	डायरेक्ट	0.16233	51.0
3426	3	फ़्लाइट	0.65862	174.30855296529046
3426	4	वहाँ	0.60224	51.0
3426	5	तक	0.03337	123.30855296529046
3426	6	की	0.55002	197.78527964379384
3426	7	भी	0.12246	215.17868526501138
3426	8	नहीं	0.64885	101.0
3426	9	है	1.38537	427.0312546382328
3426	10	।	0.47099	257.6365016488942
3434	1	ह्म	0.08689	101.0
3434	2	।	0.00378	123.30855296529043
3442	1	डायरेक्ट	0.48608	51.0
3442	2	फ़्लाइट	1.13748	174.30855296529043
3442	3	नहीं	0.41225	51.00000000000003
3442	4	देते	0.13711	372.1980044095982
3442	5	हैं	0.00196	123.30855296529046
3442	6	।	0.00356	197.78527964379384
3450	1	नहीं	0.76841	51.0
3450	2	नहीं	0.19474	51.0
3450	3	नहीं	0.23027	51.0
3450	4	।	2.05802	271.1980044095982
3458	1	और	0.07862	51.0
3458	2	अह	0.10479	51.0
3458	3	तो	0.73384	123.30855296529043
3458	4	तुम्हारे	0.50334	248.78527964379387
3458	5	कानपुर	0.33015	51.0
3458	6	में	0.04001	123.30855296529046
3458	7	क्या	0.92235	101.0
3458	8	किया	0.22572	775.8788313935107
3458	9	बे	0.01683	123.30855296529035
3458	10	।	0.00375	197.78527964379373
3465	1	वो	0.25433	51.0
3465	2	4	0.11939	51.0
3465	3	महीने	0.68333	174.30855296529046
3465	4	गए	0.19911	387.7550883222742
3465	5	थे	0.00283	123.30855296529046
3465	6	ना	0.03264	244.5705592875878
3465	7	।	0.00387	218.64204918486348
3472	1	तुम	0.20430	51.0
3472	2	से	0.03007	123.30855296529043
3472	3	कब	0.39117	101.00000000000003
3472	4	बात	2.36294	387.6769064203154
3472	5	हुई	0.12921	123.30855296529046
3472	6	है	0.00785	123.30855296529046
3472	7	।	0.02053	263.2900734249914
3480	1	उस	0.09241	51.0
3480	2	लौट	0.54728	174.30855296529043
3480	3	के	0.02160	123.30855296529043
3480	4	तो	0.16356	197.7852796437939
3480	5	बात	0.56759	101.0
3480	6	हो	0.14762	401.59651245883254
3480	7	चुकी	0.00377	123.30855296529035
3480	8	तुम	0.55332	197.78527964379373
3480	9	से	0.02858	145.61710593058092
3480	10	शायद	0.68845	278.63882584645216
3480	11	।	0.00589	241.87852123683
3488	1	1	0.10004	51.0
3488	2	बार	0.92589	174.30855296529043
3488	3	हुई	0.16673	224.30855296529043
3488	4	है	0.00121	123.3085529652904
3488	5	।	0.00327	197.78527964379384
3496	1	हाँ	0.18068	101.0
3496	2	।	0.00491	123.30855296529043
3504	1	हाँ	0.18068	101.0
3504	2	।	0.00491	123.30855296529043
3512	1	तो	0.36147	51.0
3512	2	आराम	0.22313	51.0
3512	3	से	0.03240	123.30855296529043
3512	4	पढ़ाया	2.48577	464.0399441261915
3512	5	आइआइटी	0.36776	123.30855296529046
3512	6	कानपुर	0.59300	244.5705592875878
3512	7	में	0.12542	145.61710593058092
3512	8	।	0.01169	281.5253404488167
3520	1	ह्म	0.08689	101.0
3520	2	।	0.00378	123.30855296529043
3527	1	अह	0.10081	51.0
3527	2	फ़ाइनल	0.81101	196.61710593058083
3527	3	ईयर	1.32995	174.30855296529043
3527	4	स्टूडेंट्स	1.32506	224.30855296529046
3527	5	थे	0.01207	123.30855296529046
3527	6	ज़्यादातर	0.95155	101.0
3527	7	।	0.60063	123.30855296529046
3535	1	और	0.07862	51.0
3535	2	मास्टर्स	0.80810	51.0
3535	3	।	0.35394	123.30855296529043
3543	1	ह्म	0.08689	101.0
3543	2	।	0.00378	123.30855296529043
3551	1	ह्म	0.08689	101.0
3551	2	।	0.00378	123.30855296529043
3559	1	ऐंड_[incomprehensible]	0.64106	51.0
3559	2	।	0.90013	224.30855296529046
3567	1	क्या	0.65753	101.0
3567	2	पढ़ाया	0.42495	123.30855296529043
3567	3	उन	0.95724	51.00000000000003
3567	4	को	0.02838	123.30855296529046
3567	5	।	0.57877	197.78527964379384
3575	1	बताया	0.25605	101.0
3575	2	ना	0.16142	123.30855296529043
3575	3	टॉपिक्स_इन_डिस्ट्रिब्यूटेड_सिस्टम्ज़	0.87201	197.78527964379387
3575	4	।	0.02459	215.17868526501138
3583	1	ओह	0.91153	51.0
3583	2	[incomprehensible]	1.06845	224.30855296529046
3583	3	।	0.03319	123.30855296529046
3591	1	हाँ	0.90504	101.0
3591	2	रिसर्च	0.90074	123.30855296529043
3591	3	उस	0.91369	101.00000000000003
3591	4	में	0.02368	123.30855296529046
3591	5	है	0.78465	197.78527964379384
3591	6	।	0.54896	215.17868526501138
3599	1	खोला	0.28502	101.0
3599	2	उस	0.28598	51.0
3599	3	पे	0.26747	271.1980044095982
3599	4	।	0.01891	215.2625742078709
3607	1	दे_लाइक्ट_द_कोर्स	0.64106	51.0
3607	2	।	0.90013	224.30855296529046
3615	1	पसंद	0.51723	101.0
3615	2	आया	0.08142	123.30855296529043
3615	3	कोर्स	1.16074	123.30855296529043
3615	4	।	0.05532	263.29007342499136
3623	1	[incomprehensible]	0.89742	51.0
3623	2	।	0.95973	224.30855296529046
3631	1	आइ_होप_दे_हैव_लर्टं_समथिंग	0.35864	51.0
3631	2	।	0.86197	224.30855296529046
3639	1	आर_यू_श्योर	0.64106	51.0
3639	2	।	0.90013	224.30855296529046
3647	1	ओह_आइम_श्योर_[incomprehensible]	0.64106	51.0
3647	2	।	0.90013	224.30855296529046
3655	1	केवल	0.72044	101.0
3655	2	ए	0.68116	51.0
3655	3	ग्रेड	0.99109	271.1980044095982
3655	4	लाने	0.45322	215.2625742078709
3655	5	के	0.00562	123.30855296529046
3655	6	लिए	0.01402	244.5705592875878
3655	7	बोल	0.97292	286.28409836972696
3655	8	दिया	0.00860	123.30855296529035
3655	9	होगा	0.00993	244.57055928758768
3655	10	तुम्हें	0.87041	218.64204918486348
3655	11	।	0.21509	389.9712980941913
3663	1	नहीं	0.76841	51.0
3663	2	नहीं	0.19474	51.0
3663	3	नहीं	0.23027	51.0
3663	4	ऐसा	0.44158	51.0
3663	5	।	0.54384	123.30855296529046
3671	1	ए	0.20501	51.0
3671	2	ग्रेड	0.90906	224.30855296529046
3671	3	कितने	0.63102	51.0
3671	4	आए	0.12380	271.1980044095982
3671	5	।	0.02667	215.2625742078709
3679	1	देखो	0.96032	101.0
3679	2	[pause]	0.33012	51.0
3679	3	आइ_थिंक_आइ_हैड_29_स्टूडेंट्स	0.74709	271.1980044095982
3679	4	।	0.00808	215.2625742078709
3687	1	ऐंड_यू_गेव_29_एज़	0.64106	51.0
3687	2	।	0.90013	224.30855296529046
3695	1	नहीं	0.76841	51.0
3695	2	नहीं	0.19474	51.0
3695	3	नहीं	0.23027	51.0
3695	4	।	2.05802	271.1980044095982
3703	1	15	0.14580	51.0
3703	2	ए	0.77612	224.30855296529046
3703	3	।	0.00846	123.30855296529046
3711	1	हाँ	0.18068	101.0
3711	2	।	0.00491	123.30855296529043
3719	1	15	0.14580	51.0
3719	2	ए	0.77612	224.30855296529046
3719	3	।	0.00846	123.30855296529046
3726	1	50	0.19708	51.0
3726	2	पर्सेंट	1.02063	174.30855296529043
3726	3	को	0.02432	123.30855296529043
3726	4	ए	0.66174	101.0
3726	5	दे	0.21274	387.67690642031533
3726	6	दिया	0.00317	123.30855296529046
3726	7	।	0.00318	197.78527964379396
3734	1	हाँ	0.18068	101.0
3734	2	।	0.00491	123.30855296529043
3742	1	9	0.13801	51.0
3742	2	बी	0.79044	224.30855296529046
3742	3	और	0.75906	51.0
3742	4	7	0.30713	51.0
3742	5	सी	1.30514	436.53645876795383
3742	6	।	0.00893	229.9985221235097
3750	1	हाँ	0.18068	101.0
3750	2	।	0.00491	123.30855296529043
3758	1	हाँ	0.90504	101.0
3758	2	50	0.53970	51.0
3758	3	पर्सेंट	0.98902	174.30855296529046
3758	4	से	0.03069	123.30855296529046
3758	5	ज़्यादा	0.20076	197.78527964379384
3758	6	ही	0.10062	215.17868526501138
3758	7	ए	0.40113	431.71690173331456
3758	8	देते	0.35771	375.76746315405603
3758	9	हैं	0.02695	123.30855296529035
3758	10	वहाँ	1.46647	469.2396884377881
3758	11	पर	0.14113	145.6171059305807
3758	12	तो	0.39187	249.11330535407524
3758	13	।	0.00876	363.53917110697967
3766	1	अच्छा	0.23211	101.0
3766	2	।	0.00211	123.30855296529043
3774	1	[laughter]	0.86480	101.0
3774	2	।	0.00914	123.30855296529043
3782	1	मतलब_फ़ाइनल_कोर	0.57920	51.0
3782	2	मतलब	0.51062	174.30855296529043
3782	3	अ	0.02332	51.00000000000003
3782	4	फ़ाइनल	0.23442	196.6171059305808
3782	5	ईयर	0.83120	218.92565889587127
3782	6	कोर्सेस	1.28156	174.30855296529046
3782	7	में	0.02937	123.30855296529046
3782	8	।	0.34749	197.78527964379396
3790	1	ओह_दिस_इस_फ़ाइनल_ईयर_कोर्स_राइट	0.35864	51.0
3790	2	।	0.86197	224.30855296529046
3798	1	[incomprehensible]	0.89742	51.0
3798	2	लड़के	0.39432	123.30855296529043
3798	3	कुल	0.44721	101.00000000000003
3798	4	29	2.27113	337.6769064203154
3798	5	थे	0.60557	224.30855296529046
3798	6	।	0.52151	123.30855296529046
3806	1	कितने	0.19839	51.0
3806	2	कितनो	0.61266	174.30855296529043
3806	3	को	0.02454	123.30855296529043
3806	4	घसीटोगे	1.05456	345.57055928758774
3806	5	भई	0.20329	123.30855296529046
3806	6	।	0.00816	197.78527964379384
3814	1	कितनो	0.49103	51.0
3814	2	को	0.02678	123.30855296529043
3814	3	फ़ेल	0.47853	101.00000000000003
3814	4	करोगे	0.21005	387.6769064203154
3814	5	।	0.00444	123.30855296529046
3822	1	फ़ेल	0.65209	101.0
3822	2	किसी	0.61573	123.30855296529043
3822	3	को	0.02033	123.30855296529043
3822	4	नहीं	0.69423	197.7852796437939
3822	5	किया	0.10274	277.2239758756274
3822	6	क्योंकि	0.34439	51.0
3822	7	आइ_डिडंट_वॉंट_टू_गो_थ्रू_द_होल_हैसल	0.22597	51.0
3822	8	।	1.94416	271.19800440959807
3830	1	अम	0.60786	51.0
3830	2	वैसे	0.85617	174.30855296529043
3830	3	फ़ेल	0.31950	51.00000000000003
3830	4	करने	0.26200	372.1980044095982
3830	5	लायक	0.00331	123.30855296529046
3830	6	थे	0.07725	244.5705592875878
3830	7	भी	0.03065	123.30855296529035
3830	8	नहीं	0.28803	197.78527964379396
3830	9	।	0.04953	291.5355119545238
3837	1	कुछ	0.21566	51.0
3837	2	जिन्होंने	0.57817	174.30855296529043
3837	3	ज़्यादा	0.43323	51.00000000000003
3837	4	मेहनत	1.23650	174.30855296529046
3837	5	की	0.21122	387.7550883222742
3837	6	ऑर_गॉट_लकी_गॉट_एज़	0.47153	123.30855296529046
3837	7	।	0.00405	197.78527964379396
3845	1	ह्म	0.08689	101.0
3845	2	ह्म	0.01347	123.30855296529043
3845	3	।	0.00414	197.78527964379387
3853	1	ह्म	0.08689	101.0
3853	2	।	0.00378	123.30855296529043
3861	1	जिन्होंने_मतलब	0.35864	51.0
3861	2	1	0.43238	51.0
3861	3	आद	1.53556	196.6171059305808
3861	4	एग्ज़ैम	1.43639	389.47445168586114
3861	5	में	0.00087	123.30855296529046
3861	6	फ़ेल	0.48328	197.78527964379384
3861	7	हो	0.13870	215.17868526501127
3861	8	गया	0.02573	123.30855296529035
3861	9	गॉट_बीज़	1.83391	151.0
3861	10	।	0.65357	322.34331383556537
3869	1	ह्म	0.08689	101.0
3869	2	ह्म	0.01347	123.30855296529043
3869	3	।	0.00414	197.78527964379387
3877	1	और	0.91841	101.0
3877	2	।	0.01057	123.30855296529043
3885	1	जिन्होंने	0.38850	51.0
3885	2	कंसिस्टेंट्ली_[pause]_डिडंट_ट्राए_टू_पिक_अप_दे_गॉट_सीज़	0.16748	51.0
3885	3	।	1.17214	271.1980044095982
3893	1	सीज़	0.20673	51.0
3893	2	ज़्यादातर	1.76473	224.30855296529046
3893	3	जो	0.64434	123.30855296529046
3893	4	थे	0.13163	197.78527964379384
3893	5	वो	0.27747	215.17868526501138
3893	6	।	0.02047	308.7171437936439
3901	1	ह्म	0.08689	101.0
3901	2	ह्म	0.01347	123.30855296529043
3901	3	।	0.00414	197.78527964379387
3909	1	शायद	0.29628	51.0
3909	2	एक्चुअली_देर_इस_नो_रूल	0.18590	51.0
3909	3	।	1.36130	271.1980044095982
3917	1	अम	0.60786	51.0
3917	2	मतलब	0.87573	174.30855296529043
3917	3	एमएस_और_पीएचडी	0.10412	51.00000000000003
3917	4	एमएस	0.55646	218.92565889587127
3917	5	और	0.25039	51.0
3917	6	बीटेक	0.58941	51.0
3917	7	में	0.05060	123.30855296529046
3917	8	ईक्वली	0.94316	101.0
3917	9	जो	0.76875	51.0
3917	10	डिस्ट्रिब्यूशन	1.13865	322.19800440959807
3917	11	ऑल्मोस्ट	3.66067	2360.326614338364
3917	12	ईक्वल	1.24846	174.30855296529035
3917	13	रहा	0.21588	727.6816341919184
3917	14	।	0.00461	123.3085529652908
3925	1	मतलब	0.32433	51.0
3925	2	प्रोपोर्शनेटली	0.10691	51.0
3925	3	।	0.46337	123.30855296529043
3933	1	ह्म	0.08689	101.0
3933	2	।	0.00378	123.30855296529043
3941	1	ह्म	0.08689	101.0
3941	2	ह्म	0.01347	123.30855296529043
3941	3	।	0.00414	197.78527964379387
3949	1	तो_कोई	0.14697	51.0
3949	2	ऐज़_देर_वॉस_नो_स्पेशल_एज_दैट_बीटेक_हैड_ऑर_एनीथिंग	0.97194	174.30855296529043
3949	3	।	1.00428	224.30855296529043
3957	1	अब	0.26177	51.0
3957	2	मोस्ट_ऑफ_माइ_स्टूडेंट्स_आर_कमिंग_इन_यौर_कैलिफ़ोर्निया_एरिया_फ़ॉर_कंटिन्यूइंग_देर_पीएचडीज़	0.13007	51.0
3957	3	।	1.36270	271.1980044095982
3965	1	ओह	0.28400	101.0
3965	2	कानपुर	0.63859	145.61710593058083
3965	3	से	0.74962	123.30855296529043
3965	4	।	0.00557	265.0136393889485
3973	1	[incomprehensible]	0.89742	51.0
3973	2	जॉइनिंग	0.94155	174.30855296529043
3973	3	हाँ	0.51838	224.30855296529043
3973	4	।	0.02423	123.3085529652904
3981	1	ह्म	0.08689	101.0
3981	2	।	0.00378	123.30855296529043
3989	1	मतलब	0.32433	51.0
3989	2	काफ़ी	0.14780	51.0
3989	3	लोग	0.93843	196.6171059305808
3989	4	तो	0.12105	123.30855296529046
3989	5	बर्क्ली	0.49252	101.0
3989	6	जा	0.26321	577.5606321576979
3989	7	रहे	0.00367	123.30855296529035
3989	8	हैं	0.00539	244.57055928758768
3989	9	।	0.00444	218.64204918486348
3997	1	बर्क्ली	0.72029	51.0
3997	2	तुम्हारा	0.43132	51.0
3997	3	कितनी	0.11000	51.0
3997	4	दूर	0.89870	123.30855296529046
3997	5	है	1.74729	363.0399441261915
3997	6	।	0.63566	229.9251167396951
4005	1	ज़्यादा	0.58763	101.0
4005	2	दूर	0.23371	123.30855296529043
4005	3	नहीं	0.28444	197.78527964379387
4005	4	है	0.01303	215.17868526501138
4005	5	।	0.00286	229.858571896822
4013	1	ब_2_घं	0.64106	51.0
4013	2	1	0.49477	51.0
4013	3	घंटा	1.12622	322.1980044095982
4013	4	[incomprehensible]	1.19353	224.30855296529046
4013	5	।	0.03263	123.30855296529046
4021	1	बर्क्ली	0.72029	51.0
4021	2	कुछ	0.13194	51.0
4021	3	।	1.24064	271.1980044095982
4028	1	3	0.17414	51.0
4028	2	लोग	0.98168	174.30855296529043
4028	3	स्टैनफ़ोर्ड	0.46269	51.00000000000003
4028	4	जा	0.22444	372.1980044095982
4028	5	रहे	0.00399	123.30855296529046
4028	6	हैं	0.00559	244.5705592875878
4028	7	।	0.00591	218.64204918486348
4036	1	1	0.10004	51.0
4036	2	बर्क्ली	0.60882	224.30855296529046
4036	3	जा	0.09876	145.6171059305808
4036	4	रहा	0.01310	123.30855296529046
4036	5	है	0.00998	244.5705592875878
4036	6	।	0.03196	281.5253404488167
4044	1	ह्म	0.08689	101.0
4044	2	ह्म	0.01347	123.30855296529043
4044	3	।	0.00414	197.78527964379387
4051	1	1	0.07524	51.0
4051	2	आद	1.08173	196.61710593058083
4051	3	ऑस्टिन	1.22069	224.30855296529043
4051	4	जा	0.16206	123.30855296529046
4051	5	रहे	0.03894	123.30855296529046
4051	6	हैं	0.02683	244.57055928758768
4051	7	।	0.01697	280.16209745749734
4059	1	ह्म	0.08689	101.0
4059	2	।	0.00378	123.30855296529043
4066	1	कुछ	0.13712	51.0
4066	2	लोग	1.00596	174.30855296529043
4066	3	अरबाना	1.06710	224.30855296529043
4066	4	जा	0.05447	123.3085529652904
4066	5	रहे	0.52792	145.6171059305808
4066	6	हैं	0.34765	298.1699580311132
4066	7	।	0.01149	284.71002098090185
4074	1	और	0.07862	51.0
4074	2	तुम	0.15059	51.0
4074	3	आयोवा	0.20128	51.0
4074	4	आए	0.35552	537.5364587679538
4074	5	।	0.00518	123.30855296529046
4082	1	और	0.07862	51.0
4082	2	हम	0.17289	51.0
4082	3	आयोवा	0.19624	51.0
4082	4	घर	0.92278	51.0
4082	5	से	0.02892	123.30855296529046
4082	6	भागते	0.35282	837.1841345746915
4082	7	हुए	0.00432	123.30855296529035
4082	8	।	0.00410	197.78527964379373
4090	1	[laughter]	0.86480	101.0
4090	2	।	0.00914	123.30855296529043
4098	1	क्या	0.65753	101.0
4098	2	बताएँ	0.22245	123.30855296529043
4098	3	।	0.04530	197.78527964379387
4106	1	वैल_एक्चुअली_इट_डिस्ट्रिब्यूट्स_ईक्वली_आइ_गेस	0.35864	51.0
4106	2	।	0.86197	224.30855296529046
4114	1	याह	0.12738	101.0
4114	2	।	0.00329	123.30855296529043
4122	1	याह	0.49229	101.0
4122	2	[laughter]	0.37552	123.30855296529043
4122	3	।	0.00479	197.78527964379387
4130	1	तो	0.36147	51.0
4130	2	।	1.03579	224.30855296529046
4138	1	इ	0.14697	51.0
4138	2	आयोवा	0.86340	174.30855296529043
4138	3	कोई	0.33223	51.00000000000003
4138	4	नहीं	0.78839	51.0
4138	5	जा	0.16088	537.5364587679538
4138	6	रहा	0.00370	123.30855296529046
4138	7	हमारे	0.57500	244.5705592875878
4138	8	यहाँ	0.88922	353.92614755459067
4138	9	से	0.02319	123.30855296529035
4138	10	इस	0.94350	151.0
4138	11	बार	0.44194	331.17899824875667
4138	12	।	0.02516	269.05786851796347
4146	1	ह्म	0.08689	101.0
4146	2	।	0.00378	123.30855296529043
4154	1	स्कॉलरशिप	0.49103	51.0
4154	2	का	0.02378	123.30855296529043
4154	3	सीन	0.79214	101.00000000000003
4154	4	अच्छा	1.17954	51.0
4154	5	हो	0.16040	549.5565505270109
4154	6	गया	0.00430	123.30855296529046
4154	7	वैसे	0.10154	244.57055928758757
4154	8	।	0.00493	218.64204918486348
4162	1	आयोवा	0.72029	51.0
4162	2	में	0.04389	123.30855296529043
4162	3	।	0.37406	197.78527964379387
4170	1	नहीं	0.76841	51.0
4170	2	य_अ	0.11086	51.0
4170	3	आइआइटी	0.56629	174.30855296529046
4170	4	कानपुर	1.04466	51.0
4170	5	में	0.04769	123.30855296529046
4170	6	।	0.43260	197.78527964379384
4178	1	दे_गेट_बेटर_स्कॉल्स_नाउ	0.35864	51.0
4178	2	।	0.86197	224.30855296529046
4186	1	हाँ	0.18068	101.0
4186	2	हाँ	0.04620	123.30855296529043
4186	3	।	0.00749	197.78527964379387
4194	1	हमारा	0.25956	51.0
4194	2	समय	0.59382	51.0
4194	3	में	0.02213	123.30855296529043
4194	4	बर्क्ली	0.52337	101.00000000000003
4194	5	कोई	0.76001	51.0
4194	6	गया	0.23993	740.3285442921045
4194	7	ही	0.00416	123.30855296529035
4194	8	नहीं	0.15732	197.78527964379373
4194	9	था	0.05181	215.17868526501138
4194	10	।	0.00402	229.858571896822
4202	1	ह्म	0.08689	101.0
4202	2	।	0.00378	123.30855296529043
4209	1	1	0.07524	51.0
4209	2	बंदे	0.97198	174.30855296529043
4209	3	को	0.02496	123.30855296529043
4209	4	मिली	0.19418	298.7852796437939
4209	5	थी	0.00334	123.30855296529046
4209	6	स्टैनफोर्ड	0.49683	197.78527964379384
4209	7	।	0.01217	215.1786852650115
4217	1	ह्म	0.08689	101.0
4217	2	ह्म	0.01347	123.30855296529043
4217	3	।	0.00414	197.78527964379387
4225	1	ए_अह	0.64106	51.0
4225	2	[pause]	0.62987	51.0
4225	3	कोई	1.17561	322.1980044095982
4225	4	अरबाना	0.81525	51.0
4225	5	नहीं	0.50011	51.0
4225	6	गया	0.13497	537.5364587679538
4225	7	था	0.00348	123.30855296529035
4225	8	।	0.00418	197.78527964379396
4233	1	ह्म	0.08689	101.0
4233	2	।	0.00378	123.30855296529043
4241	1	कुछ	0.13712	51.0
4241	2	लोग	1.00596	174.30855296529043
4241	3	गए	0.17555	224.30855296529043
4241	4	थे	0.00283	123.3085529652904
4241	5	।	0.00358	197.78527964379384
4249	1	1_कॉर्नेल	0.64106	51.0
4249	2	नहीं	0.74134	51.0
4249	3	कॉर्नेल	0.70317	51.0
4249	4	भी	0.12752	123.30855296529046
4249	5	नहीं	0.56248	101.0
4249	6	गया	0.14247	757.6804683661263
4249	7	था	0.00348	123.30855296529035
4249	8	कोई	0.56788	197.78527964379396
4249	9	।	0.01163	215.17868526501138
4257	1	यूपेन	0.72029	51.0
4257	2	टाइप	0.76901	51.0
4257	3	जगह	0.23870	372.1980044095982
4257	4	गए	0.08437	145.6171059305808
4257	5	थे	0.01193	123.30855296529046
4257	6	।	0.02546	265.0136393889485
4265	1	युपेन	0.72029	51.0
4265	2	कोई	0.37638	51.0
4265	3	चला	0.20253	372.1980044095982
4265	4	गया	0.00330	123.30855296529046
4265	5	।	0.00355	197.78527964379384
4273	1	या	0.06931	51.0
4273	2	मैडिसन	0.41451	51.0
4273	3	चला	0.28414	372.1980044095982
4273	4	गया	0.00443	123.30855296529046
4273	5	।	0.00554	197.78527964379384
4281	1	ह्म	0.08689	101.0
4281	2	ह्म	0.01347	123.30855296529043
4281	3	।	0.00414	197.78527964379387
4289	1	ह्म	0.08689	101.0
4289	2	।	0.00378	123.30855296529043
4297	1	और	0.91841	101.0
4297	2	।	0.01057	123.30855296529043
